    22     21 -0.077155470848 0.643013477325
    38     21 -1.205097556114 -0.841031730175
    54     21 -1.213703274727 -1.355314970016
    70     21 -0.506108641624 -1.266078948975
    86     21 0.651665985584 -0.895057916641
   102     21 1.419648408890 -0.222333490849
   118     21 1.374375939369 -0.081915795803
   134     21 0.498319864273 -1.012575030327
   150     21 0.040441274643 -2.980894088745
   166     21 -0.006101896521 -2.899068355560
   182     21 0.011903554201 -3.051121711731
   198     21 0.200120568275 -0.897289991379
   214     21 0.419661879539 0.012088507414
   230     21 -0.274600267410 0.008478820324
   246     21 -1.181561827660 -0.119590550661
   262     21 -1.164140224457 -0.219565883279
   278     21 -0.422325015068 0.161896958947
   294     21 0.152166843414 0.428170740604
   310     21 0.176112607121 0.593668282032
   326     21 0.008797705173 0.787613093853
   342     21 0.709815621376 0.777585029602
   358     21 1.418233394623 1.211240291595
   374     21 1.306505918503 1.149753808975
   390     21 1.093811988831 0.549071669579
   406     21 1.453756570816 -0.412764132023
   422     21 1.865024805069 -0.803870201111
   438     21 1.833569049835 -0.889307498932
   454     21 1.687795042992 -1.456408262253
   470     21 1.185480237007 -1.248718976974
   486     21 0.616227626801 -0.828247785568
   502     21 0.789602279663 -0.846192777157
   518     21 1.115873694420 -0.440564513206
    22     37 -0.012684062123 -0.250608265400
    38     37 -0.014548167586 -1.122146010399
    54     37 -0.417172253132 -1.182626485825
    70     37 -0.866915941238 -0.842545390129
    86     37 -0.172475129366 -0.799482584000
   102     37 0.162986546755 -0.239825874567
   118     37 -0.005455732346 0.018061034381
   134     37 0.175114631653 -0.085011035204
   150     37 -0.091825366020 -1.918601512909
   166     37 -0.070650517941 -2.665189266205
   182     37 -0.264496475458 -2.775377511978
   198     37 0.812251389027 -1.816257476807
   214     37 1.099611163139 -0.855432927608
   230     37 0.092754453421 -0.310042500496
   246     37 -0.350686311722 -0.335655897856
   262     37 -0.316333383322 -0.133732482791
   278     37 -0.304766833782 0.352784752846
   294     37 -0.078122854233 0.417522668839
   310     37 -0.016787059605 0.796364665031
   326     37 -0.212250590324 1.017550349236
   342     37 0.328049719334 0.896727263927
   358     37 1.206287860870 1.187622308731
   374     37 1.493965148926 0.968004703522
   390     37 1.267817974091 0.193681418896
   406     37 1.068400144577 -0.742528557777
   422     37 0.960384249687 -0.863068282604
   438     37 0.653278827667 -0.931924581528
   454     37 0.572905242443 -1.197307109833
   470     37 0.496194690466 -1.083579659462
   486     37 0.252256393433 -0.970898389816
   502     37 0.143874287605 -1.041211962700
   518     37 0.188718140125 -0.574445366859
    22     53 0.571443676949 -0.566278576851
    38     53 1.610514402390 -0.298795670271
    54     53 0.800690054893 -0.075069576502
    70     53 -0.318269252777 0.052872031927
    86     53 -0.041257053614 -0.016965299845
   102     53 0.145024299622 0.278144448996
   118     53 0.099480807781 0.386264622211
   134     53 0.429643750191 0.566171228886
   150     53 0.706452786922 0.042853891850
   166     53 0.646253883839 -1.656194090843
   182     53 0.435971260071 -2.994065999985
   198     53 1.590804100037 -2.465635061264
   214     53 1.114248514175 -1.045222520828
   230     53 -0.269195288420 -0.129166245461
   246     53 -0.196058064699 0.027510061860
   262     53 -0.372529685497 0.152283579111
   278     53 -0.560726642609 0.343149065971
   294     53 -0.291934728622 0.467674374580
   310     53 -0.125798255205 0.969274401665
   326     53 -0.112600222230 1.004702568054
   342     53 0.096046179533 0.585000574589
   358     53 0.512126505375 0.729247808456
   374     53 0.926583230495 0.639215469360
   390     53 0.893486618996 0.249135196209
   406     53 0.594436049461 -0.095682352781
   422     53 0.098311170936 -0.623009264469
   438     53 -0.286970645189 -1.051483869553
   454     53 -0.631230711937 -1.184271812439
   470     53 -0.195413216949 -0.911521375179
   486     53 0.028367802501 -0.722120821476
   502     53 -0.039325930178 -0.810070574284
   518     53 0.085694476962 -0.904636263847
    22     69 0.897418200970 -0.987470626831
    38     69 2.098010301590 -0.054952740669
    54     69 2.036826133728 0.608328819275
    70     69 1.119948744774 0.926611065865
    86     69 0.704318761826 1.124349355698
   102     69 0.601035118103 0.946476638317
   118     69 0.786162078381 0.464872121811
   134     69 1.011548042297 0.859971702099
   150     69 1.247374057770 0.660534203053
   166     69 0.986081838608 -0.901601314545
   182     69 0.675458431244 -2.538836240768
   198     69 1.033399581909 -2.328107595444
   214     69 0.162269786000 -1.009264111519
   230     69 -0.931644201279 -0.272446870804
   246     69 -0.479682266712 0.218801006675
   262     69 -0.259822577238 0.118545949459
   278     69 -0.382084846497 0.158050864935
   294     69 -0.237276107073 0.597028851509
   310     69 -0.159214809537 0.911270260811
   326     69 -0.043767467141 0.420956045389
   342     69 -0.043637175113 -0.199393987656
   358     69 0.218150317669 -0.184575617313
   374     69 0.462800174952 0.261976182461
   390     69 0.263117194176 0.415251314640
   406     69 0.039316132665 0.288725674152
   422     69 -0.032263770700 -0.161366492510
   438     69 -0.284978806973 -0.427293002605
   454     69 -1.062017321587 -0.471112787724
   470     69 -1.072180151939 -0.309017509222
   486     69 -0.623743176460 -0.236175000668
   502     69 -0.221315413713 -0.437500536442
   518     69 0.189666122198 -0.936008036137
    22     85 0.425033330917 -1.396304607391
    38     85 1.571437120438 -0.101379573345
    54     85 1.948217630386 1.057503223419
    70     85 1.556904673576 1.411347150803
    86     85 1.216508150101 1.726318836212
   102     85 1.212518334389 1.445806503296
   118     85 1.667872428894 0.556844949722
   134     85 1.918604612350 1.168012142181
   150     85 1.526176333427 0.899996697903
   166     85 1.021157979965 -0.574191212654
   182     85 0.345086634159 -1.555354118347
   198     85 0.101014494896 -1.653011441231
   214     85 0.040564838797 -1.174505591393
   230     85 -0.258016109467 -0.656309366226
   246     85 -0.119192391634 -0.223607510328
   262     85 -0.210462450981 -0.247183531523
   278     85 -0.432569503784 -0.200983762741
   294     85 -0.202841937542 0.618489623070
   310     85 0.120835721493 0.839071631432
   326     85 0.110297083855 0.108441621065
   342     85 -0.142935991287 -0.401207864285
   358     85 -0.118534073234 -0.640604972839
   374     85 -0.321986973286 0.079484164715
   390     85 -0.521514415741 0.511505723000
   406     85 -0.362932026386 0.529822111130
   422     85 -0.046924017370 0.455340802670
   438     85 0.139591813087 0.011542350054
   454     85 -0.210298269987 -0.036567807198
   470     85 -0.812332510948 0.311147034168
   486     85 -0.775624096394 0.348893404007
   502     85 -0.350403249264 -0.170948475599
   518     85 0.132050901651 -0.820825457573
    22    101 0.652652323246 -1.300524234772
    38    101 1.326745748520 -0.177938014269
    54    101 1.484998703003 1.027722120285
    70    101 1.594208359718 1.474183917046
    86    101 1.899968624115 1.478504061699
   102    101 2.275877952576 1.603162765503
   118    101 1.637849330902 0.659282267094
   134    101 0.873480796814 0.260727941990
   150    101 0.851780235767 0.650940418243
   166    101 0.512674272060 -0.425668001175
   182    101 0.191793292761 -1.196998596191
   198    101 0.305854916573 -1.402075409889
   214    101 0.233958542347 -1.012555241585
   230    101 -0.068041041493 -0.421019434929
   246    101 -0.200886815786 -0.036203891039
   262    101 -0.510217964649 -0.330592483282
   278    101 -0.741894483566 -0.326106160879
   294    101 -0.406089544296 0.465102076530
   310    101 0.068299323320 0.532597839832
   326    101 0.063783466816 0.223556160927
   342    101 -0.303344547749 -0.216557890177
   358    101 -0.473210632801 -0.493950009346
   374    101 -0.877888083458 0.340374737978
   390    101 -1.056334614754 0.436481744051
   406    101 -0.456916958094 -0.008561387658
   422    101 -0.131309643388 -0.168899193406
   438    101 0.183957800269 -0.513233065605
   454    101 0.084297113121 -0.560538589954
   470    101 -0.554380357265 0.311660259962
   486    101 -0.337954670191 0.642906486988
   502    101 0.099732331932 0.058728307486
   518    101 0.303124368191 -0.412081182003
    22    117 0.922040045261 -1.159103870392
    38    117 1.389086842537 0.314928948879
    54    117 1.322928428650 1.129585504532
    70    117 1.675215482712 1.276244878769
    86    117 2.300424814224 1.441136956215
   102    117 2.378636837006 1.741100549698
   118    117 0.856392145157 1.046344757080
   134    117 -0.059805274010 0.523693203926
   150    117 -0.154591470957 0.402509748936
   166    117 -0.357894897461 -0.317261636257
   182    117 -0.359360933304 -1.624802827835
   198    117 0.202418208122 -1.414986371994
   214    117 0.154524654150 -0.639126718044
   230    117 0.186598584056 -0.257469952106
   246    117 0.157455176115 -0.033645331860
   262    117 -0.107387289405 -0.360202372074
   278    117 -0.428440362215 -0.304152011871
   294    117 -0.474185705185 0.370915144682
   310    117 -0.609479248524 0.592473983765
   326    117 -1.022296190262 0.827319979668
   342    117 -1.112979888916 0.401022076607
   358    117 -1.034018278122 -0.493290990591
   374    117 -0.575947642326 0.141388893127
   390    117 -0.319081306458 0.386318832636
   406    117 -0.055869713426 -0.349929511547
   422    117 0.307333767414 -0.821765601635
   438    117 0.591341197491 -0.763523519039
   454    117 0.304767668247 -0.691373705864
   470    117 -0.182392984629 -0.332977533340
   486    117 0.073196284473 0.157408863306
   502    117 0.616755485535 0.042431682348
   518    117 0.469071388245 -0.087835729122
    22    133 0.618269264698 -0.768310308456
    38    133 0.805596828461 1.208782672882
    54    133 0.823272883892 1.393303036690
    70    133 0.820829629898 1.178732752800
    86    133 1.595530986786 1.928909778595
   102    133 1.097826123238 2.012505531311
   118    133 0.002720817924 0.955140173435
   134    133 -0.496253579855 0.356240749359
   150    133 -0.715177178383 -0.102674081922
   166    133 -0.709406018257 -1.162121057510
   182    133 -0.924004435539 -2.497939586639
   198    133 -0.602502465248 -1.423428654671
   214    133 0.068129092455 -0.746984660625
   230    133 0.467281162739 -0.364466428757
   246    133 0.664122581482 -0.105627655983
   262    133 0.613879263401 -0.368832290173
   278    133 0.288553416729 -0.094847843051
   294    133 -0.495953619480 0.462898403406
   310    133 -1.268111228943 0.680405735970
   326    133 -1.658875584602 1.101783514023
   342    133 -1.612088441849 0.790314078331
   358    133 -1.397466778755 -0.655781626701
   374    133 -0.681743919849 -0.389326155186
   390    133 -0.355712801218 0.031605899334
   406    133 0.054315663874 -0.274589419365
   422    133 0.558419466019 -0.793473720551
   438    133 0.844366312027 -0.689569711685
   454    133 0.689905166626 -0.728722393513
   470    133 0.208167895675 -1.097065925598
   486    133 0.090762913227 -0.650891780853
   502    133 0.162067428231 -0.307194709778
   518    133 0.350742816925 -0.051496744156
    22    149 1.284260511398 -0.569695591927
    38    149 0.408519595861 1.385068058968
    54    149 -0.246511042118 1.610595941544
    70    149 -0.673363089561 0.983361721039
    86    149 -0.664910554886 1.297004222870
   102    149 -0.744038820267 1.237737178802
   118    149 -1.025389432907 0.444495737553
   134    149 -0.996417462826 -0.189910411835
   150    149 -1.375276327133 -1.538140654564
   166    149 -0.945299148560 -2.066991329193
   182    149 -0.950525581837 -1.746183276176
   198    149 -0.442262679338 -1.166831731796
   214    149 0.224995091558 -0.789244651794
   230    149 0.195814147592 -0.444063514471
   246    149 0.319759756327 -0.322181612253
   262    149 0.383675903082 -0.356176555157
   278    149 0.086712658405 0.282801032066
   294    149 -0.986917495728 0.769055664539
   310    149 -1.952435135841 0.689819455147
   326    149 -1.658302307129 1.089720726013
   342    149 -1.587817549706 0.557241499424
   358    149 -1.029245853424 -0.926102697849
   374    149 -0.382338225842 -0.729727029800
   390    149 -0.338108927011 -0.492792814970
   406    149 0.237087845802 -0.512925922871
   422    149 0.678684830666 -0.694018959999
   438    149 0.656577646732 -0.831154048443
   454    149 0.510991811752 -0.734885334969
   470    149 0.283298850060 -0.951868176460
   486    149 -0.125091850758 -0.927466988564
   502    149 -0.066131606698 -0.751003384590
   518    149 0.339765131474 -0.342424273491
    22    165 2.365091323853 -0.188340127468
    38    165 0.744567334652 1.483288764954
    54    165 -0.231825381517 1.588404059410
    70    165 -0.548668265343 1.297836899757
    86    165 -1.000391483307 1.215342521667
   102    165 -1.559962511063 0.728388786316
   118    165 -0.583162128925 0.388215899467
   134    165 0.511561691761 -0.028405845165
   150    165 -0.030976355076 -1.446237921715
   166    165 -0.655827999115 -1.747889518738
   182    165 -0.801387727261 -1.557659149170
   198    165 0.402913182974 -0.945436716080
   214    165 0.452047675848 -0.535916090012
   230    165 -0.154655009508 -0.453117191792
   246    165 -0.651556968689 -0.424738138914
   262    165 -0.756535828114 -0.148389518261
   278    165 -0.506051778793 0.542961537838
   294    165 -0.627908825874 1.074640750885
   310    165 -1.455260515213 0.702526092529
   326    165 -1.387322902679 0.922842621803
   342    165 -0.901053845882 0.583268761635
   358    165 -0.152547538280 -0.386772513390
   374    165 0.195808857679 -0.788246273994
   390    165 0.285600930452 -1.046935796738
   406    165 0.478379637003 -0.822884678841
   422    165 0.450812309980 -0.641523540020
   438    165 0.253518879414 -0.553742408752
   454    165 0.077229455113 -0.447573602200
   470    165 -0.039078827947 -0.702236652374
   486    165 -0.202521979809 -1.019600868225
   502    165 -0.321344405413 -1.200239062309
   518    165 -0.289519697428 -0.837023019791
    22    181 2.058960676193 1.015649676323
    38    181 0.845060110092 1.584996938705
    54    181 0.009740531445 1.596320867538
    70    181 -0.534106194973 1.377429962158
    86    181 -1.074769496918 0.993303537369
   102    181 -1.504112243652 0.701277375221
   118    181 -0.030891835690 0.543931901455
   134    181 1.588615179062 -0.282320857048
   150    181 1.976075887680 -1.179476499557
   166    181 -0.166207462549 -0.841304183006
   182    181 -1.299535512924 -0.658941507339
   198    181 -1.290367722511 -0.680546045303
   214    181 -0.111087754369 -0.461154252291
   230    181 -0.235811039805 -0.396540284157
   246    181 -0.902425587177 -0.377005577087
   262    181 -0.628219068050 -0.242883980274
   278    181 -0.116864174604 0.199057877064
   294    181 0.204487353563 0.922513484955
   310    181 -0.218536317348 0.622970163822
   326    181 -0.431799352169 0.644037783146
   342    181 0.126937150955 0.720884680748
   358    181 0.787198185921 0.425174951553
   374    181 0.787446916103 -0.219676017761
   390    181 -0.238645911217 -1.255534410477
   406    181 -0.123720258474 -0.866818368435
   422    181 -0.237738236785 -0.623473644257
   438    181 -0.312107890844 -0.307138800621
   454    181 -0.052053287625 0.083698675036
   470    181 -0.021065138280 -0.383772879839
   486    181 0.093115597963 -1.121591329575
   502    181 -0.482157617807 -1.520771622658
   518    181 -1.330619812012 -1.380762696266
    22    197 0.371414542198 0.333639621735
    38    197 0.313376575708 1.540817260742
    54    197 0.016008794308 2.004974603653
    70    197 -0.442715525627 1.877555489540
    86    197 -0.976305007935 1.229411363602
   102    197 -1.156181216240 1.063338994980
   118    197 -0.006719559431 0.536388754845
   134    197 1.058217525482 -0.610291540623
   150    197 1.865933060646 -1.000352025032
   166    197 -0.442305982113 0.512249171734
   182    197 -1.607305407524 0.418582916260
   198    197 -1.776486277580 -0.144428342581
   214    197 -0.290858656168 -0.321758568287
   230    197 0.152226239443 -0.145432695746
   246    197 -0.042984347790 -0.014335662127
   262    197 -0.103597693145 -0.139177620411
   278    197 -0.044068694115 -0.002859219909
   294    197 0.020850092173 0.523640275002
   310    197 -0.298470884562 0.512992024422
   326    197 -0.153044581413 0.401434361935
   342    197 0.236333861947 0.508575201035
   358    197 0.589035212994 0.594007015228
   374    197 0.433464407921 0.245121911168
   390    197 -0.647151708603 -0.698624908924
   406    197 -0.812048196793 -0.843048810959
   422    197 -0.673236012459 -0.376559615135
   438    197 -0.468325257301 0.113151296973
   454    197 0.082554966211 0.452310740948
   470    197 0.683889627457 0.086734414101
   486    197 0.781265199184 -0.963969588280
   502    197 -0.617369234562 -1.402988553047
   518    197 -1.940704345703 -1.902135848999
    22    213 -1.800910711288 -1.479992985725
    38    213 -1.182778239250 1.194221973419
    54    213 -0.661670625210 2.920171976089
    70    213 -0.410483062267 2.497238636017
    86    213 -0.170764014125 1.797814726830
   102    213 -0.045660793781 1.430181264877
   118    213 0.398626565933 0.364809006453
   134    213 0.908105254173 -0.893727660179
   150    213 1.157879829407 -0.917729794979
   166    213 0.443281769753 -0.113073498011
   182    213 -0.555897772312 0.485740125179
   198    213 -0.524461150169 -0.090781927109
   214    213 0.578765034676 -0.408649563789
   230    213 0.842396616936 0.402519822121
   246    213 0.948886394501 0.558908879757
   262    213 0.278369963169 0.043117113411
   278    213 -0.200861811638 -0.073284074664
   294    213 -0.332929521799 0.255965471268
   310    213 -0.821998000145 0.490892827511
   326    213 -1.002239704132 0.393283545971
   342    213 -0.550428807735 0.483155220747
   358    213 -0.318189412355 0.480092734098
   374    213 -0.494775950909 0.287675648928
   390    213 -0.976388216019 -0.122943282127
   406    213 -1.337551474571 -0.658181190491
   422    213 -1.054154038429 -0.347508013248
   438    213 -0.185948044062 0.356443226337
   454    213 0.655283927917 0.977457463741
   470    213 1.108039021492 0.463792145252
   486    213 1.553466558456 -0.437108218670
   502    213 -0.388073444366 -0.858889520168
   518    213 -2.825377702713 -1.877645254135
    22    229 -3.182318687439 -1.706641674042
    38    229 -2.592885494232 1.225260734558
    54    229 -1.033453106880 2.203736782074
    70    229 0.189827203751 3.385591506958
    86    229 0.525624275208 1.864326477051
   102    229 0.702257454395 0.988856196404
   118    229 1.020818829536 0.007204383612
   134    229 1.487689137459 -0.781247317791
   150    229 2.897698640823 -1.283069372177
   166    229 2.341532945633 -0.962075889111
   182    229 1.047137141228 -0.165018200874
   198    229 0.772002458572 -0.042488723993
   214    229 0.686713218689 -0.113456457853
   230    229 0.806466341019 0.428986161947
   246    229 0.750753045082 0.480379015207
   262    229 0.456737548113 -0.149507954717
   278    229 -0.259859025478 -0.147142678499
   294    229 -0.840704917908 0.276702046394
   310    229 -1.628854751587 0.544381022453
   326    229 -2.182394504547 0.582479953766
   342    229 -1.809318184853 0.551053047180
   358    229 -1.068413257599 0.472163021564
   374    229 -1.075315833092 0.321036100388
   390    229 -1.400425791740 0.258048623800
   406    229 -1.944552421570 -0.373318523169
   422    229 -1.696906685829 -0.479485094547
   438    229 -0.502812743187 0.372472405434
   454    229 0.968746364117 1.126009464264
   470    229 1.548581361771 0.557174563408
   486    229 0.696774661541 -0.084483861923
   502    229 -1.091959118843 -0.142408311367
   518    229 -2.119246721268 -0.830982744694
    22    245 -3.010586738586 -0.628558874130
    38    245 -2.296746730804 0.653791666031
    54    245 -1.069083690643 1.283923149109
    70    245 0.476619958878 2.662452697754
    86    245 1.247346639633 2.322583675385
   102    245 1.296753406525 0.735102415085
   118    245 1.599093675613 -0.243699520826
   134    245 1.967307329178 -1.017790794373
   150    245 2.739876508713 -1.370699524879
   166    245 2.742409467697 -1.140617132187
   182    245 0.932145833969 -0.380013972521
   198    245 0.121754705906 0.054287612438
   214    245 -0.037692099810 0.212685167789
   230    245 0.048628374934 0.508918344975
   246    245 0.236593365669 0.330008625984
   262    245 0.276086956263 -0.131736129522
   278    245 -0.105243615806 0.216731533408
   294    245 -0.674686133862 0.437998831272
   310    245 -1.037764191628 0.535094439983
   326    245 -1.049319028854 0.629152536392
   342    245 -1.114360332489 0.694776535034
   358    245 -1.136603951454 0.514261245728
   374    245 -1.424115657806 0.562840640545
   390    245 -1.616734027863 1.031059265137
   406    245 -2.081400871277 0.638174057007
   422    245 -1.975930929184 0.171234965324
   438    245 -0.938650786877 0.148369431496
   454    245 0.202703535557 0.725870251656
   470    245 0.288948565722 0.272232532501
   486    245 -0.705710291862 0.003065004945
   502    245 -1.761718511581 0.282839179039
   518    245 -2.440402984619 -0.472894608974
    22    261 -0.850410759449 0.856661200523
    38    261 -0.413220256567 -0.088958010077
    54    261 0.102494865656 -0.020245134830
    70    261 0.242110908031 0.178506433964
    86    261 0.685078382492 0.984979987144
   102    261 1.953770041466 1.365395426750
   118    261 1.885263919830 0.167762517929
   134    261 1.920518994331 -0.773567020893
   150    261 2.172194957733 -1.422890424728
   166    261 2.145686626434 -0.935084402561
   182    261 1.390593647957 -0.146822988987
   198    261 0.873357892036 0.218440413475
   214    261 0.247680634260 0.281348824501
   230    261 -0.040956407785 0.394359946251
   246    261 -0.034286573529 0.009296119213
   262    261 -0.041910439730 -0.313403785229
   278    261 -0.089190632105 0.327428102493
   294    261 -0.068304181099 0.282711267471
   310    261 0.097753539681 -0.039727583528
   326    261 0.089380085468 0.462627053261
   342    261 -0.228160977364 1.167134881020
   358    261 -0.443519353867 1.086090087891
   374    261 -1.112269520760 1.379062175751
   390    261 -1.588320493698 1.867310881615
   406    261 -1.672772288322 1.679675817490
   422    261 -1.429494500160 0.854252994061
   438    261 -0.873778164387 0.194976925850
   454    261 -0.617213368416 0.303233921528
   470    261 -0.963157892227 0.036251500249
   486    261 -1.490007877350 -0.204325228930
   502    261 -0.782787561417 -0.097345054150
   518    261 -0.092515766621 -0.694055140018
    22    277 1.076402187347 1.228744506836
    38    277 0.800511360168 0.247316807508
    54    277 0.446266978979 -0.392692059278
    70    277 0.158111691475 -0.667660832405
    86    277 0.293530344963 0.192613646388
   102    277 1.464047789574 1.197662949562
   118    277 2.184437513351 0.753629803658
   134    277 2.086833238602 -0.338961362839
   150    277 1.789047122002 -0.978232383728
   166    277 1.489614486694 -0.844853401184
   182    277 1.428653836250 -0.038357749581
   198    277 1.333818912506 0.427602052689
   214    277 0.410157978535 0.374009966850
   230    277 -0.319491177797 0.261514484882
   246    277 -0.499409615993 -0.142657011747
   262    277 -0.698226571083 -0.636350035667
   278    277 -0.336853682995 -0.286090075970
   294    277 0.199067384005 -0.159287095070
   310    277 0.486066043377 -0.167288571596
   326    277 0.326176136732 0.612443566322
   342    277 0.040189445019 2.136110782623
   358    277 -0.316824018955 2.032660484314
   374    277 -1.027736186981 2.148964643478
   390    277 -1.374458789825 2.674286127090
   406    277 -1.221086382866 2.168587446213
   422    277 -0.672701656818 1.183463811874
   438    277 -0.911954164505 0.379156470299
   454    277 -1.288140296936 0.213047564030
   470    277 -1.374098777771 -0.112924456596
   486    277 -1.176273822784 -0.563473224640
   502    277 -0.299137353897 -0.837554097176
   518    277 0.567812442780 -0.799085021019
    22    293 -0.462978363037 0.075750470161
    38    293 1.105111479759 0.278262108564
    54    293 0.642411708832 -0.386872649193
    70    293 0.447243809700 -0.743379294872
    86    293 0.309239208698 0.332808762789
   102    293 0.646878600121 1.138605833054
   118    293 1.679422855377 0.545291900635
   134    293 2.192365646362 0.104480266571
   150    293 1.477512240410 -0.248752787709
   166    293 0.495534539223 -0.351021409035
   182    293 0.342054545879 0.154468894005
   198    293 0.461187422276 0.601976633072
   214    293 -0.057710096240 0.650872826576
   230    293 -0.849638462067 0.396887391806
   246    293 -1.439144372940 -0.313700079918
   262    293 -1.436190128326 -1.173715949059
   278    293 -0.662973165512 -0.929738998413
   294    293 -0.225690841675 -0.468361973763
   310    293 0.092977859080 -0.269467234612
   326    293 0.226535379887 0.147920042276
   342    293 0.125836417079 2.110425710678
   358    293 -0.648864626884 3.242621421814
   374    293 -1.023909568787 2.212767362595
   390    293 -0.717049121857 2.240873336792
   406    293 -0.581321120262 2.080339431763
   422    293 -0.455950200558 1.229305148125
   438    293 -0.965129137039 0.217944681644
   454    293 -1.153191566467 -0.058920800686
   470    293 -0.939862549305 -0.235441505909
   486    293 -0.448714166880 -0.771514892578
   502    293 0.192328870296 -1.186892628670
   518    293 0.277943730354 -0.464148640633
    22    309 -0.327888488770 -0.016537278891
    38    309 -0.192798614502 -0.108825027943
    54    309 1.045924186707 0.188585281372
    70    309 1.143985986710 -0.296542167664
    86    309 0.408502221107 0.453158378601
   102    309 -0.083112627268 0.956839025021
   118    309 0.376700192690 -0.223505526781
   134    309 0.813617944717 0.365577578545
   150    309 0.753299236298 0.842762947083
   166    309 -0.564087748528 0.553965628147
   182    309 -1.220597624779 0.499653756618
   198    309 -0.661372661591 0.818214774132
   214    309 -0.355390429497 1.019753694534
   230    309 -0.506335854530 0.845576882362
   246    309 -1.665902972221 -0.504510521889
   262    309 -1.906970024109 -1.708990573883
   278    309 -1.239844799042 -1.445924282074
   294    309 -1.009150028229 -0.770960569382
   310    309 -0.710904359818 -0.626014232635
   326    309 -0.069685697556 -0.774253785610
   342    309 0.396681845188 0.650064170361
   358    309 0.455751150846 2.608843326569
   374    309 0.549953460693 1.684423685074
   390    309 0.448168367147 0.965062141418
   406    309 0.050599463284 1.457358479500
   422    309 -0.153438270092 0.853281855583
   438    309 -0.394224464893 -0.213102191687
   454    309 -0.228510737419 -0.577844142914
   470    309 0.303706049919 -0.315003126860
   486    309 0.798598647118 -0.773014545441
   502    309 0.691065907478 -1.339233398438
   518    309 -0.526301562786 -0.685585618019
