    22     21 -1.086437940598 0.428313016891
    38     21 -0.380567193031 -0.601301550865
    54     21 0.010713875294 -0.879753232002
    70     21 0.358110547066 -0.888377666473
    86     21 1.138148307800 -0.590947806835
   102     21 1.492454409599 -0.199512332678
   118     21 1.323256969452 -0.209024384618
   134     21 0.711393117905 -0.770852923393
   150     21 0.030838310719 -1.865310192108
   166     21 0.018878309056 -2.159079074860
   182     21 0.001156412065 -2.058598279953
   198     21 0.051461830735 -1.108472108841
   214     21 0.038711741567 -0.197970479727
   230     21 -0.409740388393 0.255176931620
   246     21 -1.134940624237 0.209772080183
   262     21 -1.162756323814 -0.198950380087
   278     21 -0.668715119362 -0.124150812626
   294     21 -0.222609966993 0.137891545892
   310     21 0.013281658292 0.377926528454
   326     21 -0.035182356834 0.684933841228
   342     21 0.425567865372 0.677326917648
   358     21 1.075906276703 0.813307225704
   374     21 1.251602172852 0.984026968479
   390     21 0.997868776321 0.749736428261
   406     21 1.408437013626 -0.002864152193
   422     21 1.907754898071 -0.337173908949
   438     21 1.856274724007 -0.855885744095
   454     21 1.631309747696 -1.703255534172
   470     21 1.399667501450 -1.795332193375
   486     21 1.268279194832 -1.738975286484
   502     21 1.218021273613 -1.278201580048
   518     21 0.943135619164 -0.211545944214
    22     37 -0.178196907043 0.259054988623
    38     37 0.119651287794 -0.817626297474
    54     37 -0.010522872210 -1.083071947098
    70     37 0.113547801971 -1.029325485229
    86     37 0.708144187927 -1.085056066513
   102     37 0.926444411278 -0.360423833132
   118     37 0.328008174896 0.224334985018
   134     37 -0.075689315796 -0.113182090223
   150     37 0.041859626770 -1.348334789276
   166     37 0.024640202522 -2.553328990936
   182     37 0.243354558945 -2.889422178268
   198     37 1.259983301163 -2.288842678070
   214     37 0.673340260983 -1.096557736397
   230     37 -0.312120229006 -0.182383120060
   246     37 -0.576053321362 -0.109802886844
   262     37 -0.506928026676 -0.107990264893
   278     37 -0.570085823536 0.284996777773
   294     37 -0.197862803936 0.388644576073
   310     37 -0.039952933788 0.752152144909
   326     37 -0.349072515965 0.859636902809
   342     37 0.097923725843 0.664230346680
   358     37 0.902460038662 0.871127009392
   374     37 1.316662430763 0.715779185295
   390     37 1.146793842316 -0.049906983972
   406     37 1.019435644150 -0.636552155018
   422     37 1.039494276047 -0.616509675980
   438     37 0.899217128754 -0.894177913666
   454     37 0.728535711765 -1.403240561485
   470     37 0.890629768372 -1.572634458542
   486     37 1.132121920586 -1.489416956902
   502     37 0.975307881832 -1.228137254715
   518     37 0.508042633533 -0.139723420143
    22     53 0.507477283478 -0.101514309645
    38     53 0.405687183142 -0.341650545597
    54     53 0.552829146385 -0.378006249666
    70     53 0.707733511925 -0.563299179077
    86     53 1.253952264786 -0.520943820477
   102     53 1.108360767365 0.120074138045
   118     53 0.890228867531 0.691058874130
   134     53 1.387815356255 1.039700031281
   150     53 1.352535128593 0.215128317475
   166     53 0.743605852127 -1.630167841911
   182     53 0.226372539997 -3.021786928177
   198     53 1.994917988777 -2.038066625595
   214     53 0.944511473179 -1.078776836395
   230     53 -0.705311477184 0.031585693359
   246     53 -0.546783089638 0.210476934910
   262     53 -0.587576210499 0.250075548887
   278     53 -0.725715875626 0.496908783913
   294     53 -0.393358051777 0.650135874748
   310     53 -0.365962356329 1.151359796524
   326     53 -0.380925714970 0.942169189453
   342     53 -0.026200607419 0.461499392986
   358     53 0.290744960308 0.554247379303
   374     53 0.486791163683 0.270534515381
   390     53 0.637084543705 -0.017553925514
   406     53 0.485936820507 -0.028639450669
   422     53 0.170635789633 -0.551227450371
   438     53 0.073948591948 -1.206930994987
   454     53 -0.188934117556 -1.553555965424
   470     53 0.285697311163 -1.402697086334
   486     53 0.753139853477 -1.047589063644
   502     53 0.562966883183 -0.730645418167
   518     53 0.467929065228 -0.162713289261
    22     69 0.935490787029 -0.499797821045
    38     69 1.336765050888 -0.135220110416
    54     69 1.815280437469 0.107510715723
    70     69 1.440738797188 0.329065531492
    86     69 1.027945756912 0.667739510536
   102     69 0.774576306343 0.682016789913
   118     69 1.089141130447 0.606618165970
   134     69 1.610614776611 1.215615749359
   150     69 1.761882662773 0.985728740692
   166     69 1.104107618332 -0.854153811932
   182     69 0.357781618834 -2.553525686264
   198     69 0.647777974606 -2.709167718887
   214     69 -0.472316443920 -1.068629026413
   230     69 -1.646266698837 -0.120222687721
   246     69 -0.643682181835 0.390364289284
   262     69 -0.391271740198 0.314075171947
   278     69 -0.601216554642 0.354720830917
   294     69 -0.461102843285 0.614623069763
   310     69 -0.426701247692 0.900419712067
   326     69 -0.252913087606 0.394211709499
   342     69 -0.094324596226 -0.167249977589
   358     69 0.112693630159 0.090556293726
   374     69 0.244154572487 0.355123937130
   390     69 0.182037755847 0.416056185961
   406     69 -0.043167740107 0.353087484837
   422     69 -0.207408189774 -0.357015460730
   438     69 -0.137439310551 -0.840065121651
   454     69 -0.694350123405 -0.904925525188
   470     69 -0.704624891281 -0.830294728279
   486     69 -0.107753805816 -0.547893941402
   502     69 0.116603821516 -0.433141291142
   518     69 0.381971657276 -0.462349772453
    22     85 0.957940220833 -1.135554432869
    38     85 1.485050678253 -0.253622323275
    54     85 1.726102232933 0.565110564232
    70     85 1.186771631241 1.306281089783
    86     85 0.765424728394 1.715036273003
   102     85 0.435788273811 1.055640459061
   118     85 1.057733297348 0.483915209770
   134     85 1.932097196579 1.457842588425
   150     85 1.469381570816 1.253153800964
   166     85 0.799032032490 -0.223616600037
   182     85 0.159372642636 -1.580017566681
   198     85 -0.067544072866 -1.847757458687
   214     85 -0.429526805878 -1.198428392410
   230     85 -0.713991045952 -0.582482218742
   246     85 -0.288906186819 -0.169712498784
   262     85 -0.273926049471 -0.328496545553
   278     85 -0.588436126709 -0.367857098579
   294     85 -0.487420886755 0.401047110558
   310     85 -0.161514490843 0.630093574524
   326     85 0.111185163260 0.096254989505
   342     85 -0.108202293515 -0.412354648113
   358     85 -0.089191183448 -0.222625136375
   374     85 -0.223486304283 0.452667206526
   390     85 -0.043138951063 0.743451237679
   406     85 -0.018183365464 0.410484433174
   422     85 -0.261256217957 -0.208990931511
   438     85 -0.212022542953 -0.599214375019
   454     85 -0.442320823669 -0.511045932770
   470     85 -0.820841670036 -0.099960833788
   486     85 -0.846368849277 0.004011899233
   502     85 -0.363429516554 -0.330024600029
   518     85 0.094734370708 -0.607478797436
    22    101 1.184418678284 -1.285051822662
    38    101 1.327434897423 -0.170143276453
    54    101 1.197700738907 0.815075278282
    70    101 1.259672641754 1.286802530289
    86    101 1.525138020515 1.459856987000
   102    101 2.306032419205 1.479646444321
   118    101 1.428604483604 0.754272937775
   134    101 0.656678318977 0.508516788483
   150    101 0.656250298023 1.290980339050
   166    101 0.108601689339 0.153470814228
   182    101 0.067868702114 -1.178242683411
   198    101 0.229792490602 -1.473259449005
   214    101 0.128845065832 -0.895920395851
   230    101 -0.181827843189 -0.369409441948
   246    101 -0.266732484102 -0.115057587624
   262    101 -0.477435171604 -0.769252657890
   278    101 -0.654050230980 -0.779435455799
   294    101 -0.407362252474 0.452054679394
   310    101 0.199088662863 0.617216885090
   326    101 0.464617580175 0.339070022106
   342    101 -0.003358893096 -0.234720379114
   358    101 -0.225041419268 -0.367202132940
   374    101 -0.532325327396 0.516117572784
   390    101 -0.439739942551 0.772672653198
   406    101 -0.205486103892 0.036135651171
   422    101 -0.423625171185 -0.664782166481
   438    101 -0.581081628799 -1.211184024811
   454    101 -0.433398008347 -0.971430182457
   470    101 -0.806048035622 0.092162668705
   486    101 -0.883569955826 0.303111702204
   502    101 -0.408960372210 -0.223859846592
   518    101 -0.017803609371 -0.336627513170
    22    117 1.325526714325 -0.840083718300
    38    117 1.318920731544 0.420804202557
    54    117 1.076640486717 0.937081277370
    70    117 1.249913215637 0.964754700661
    86    117 1.762827634811 1.323722362518
   102    117 1.949644088745 2.066835880280
   118    117 0.639717936516 1.315043449402
   134    117 -0.533978998661 0.311067104340
   150    117 -0.811155557632 0.309269577265
   166    117 -0.404027700424 -0.022788345814
   182    117 -0.533623218536 -1.567319393158
   198    117 -0.041487932205 -1.197302579880
   214    117 -0.036748431623 -0.319970607758
   230    117 -0.013483956456 -0.083356022835
   246    117 0.115114569664 -0.066703796387
   262    117 0.175408542156 -0.616409361362
   278    117 -0.212105214596 -0.510727524757
   294    117 -0.399578809738 0.329473078251
   310    117 0.064351990819 0.704723238945
   326    117 0.230756163597 0.885860681534
   342    117 -0.312094062567 0.334826081991
   358    117 -0.634289026260 -0.417729079723
   374    117 -0.357127338648 0.238455176353
   390    117 -0.183682620525 0.564187765121
   406    117 -0.223671346903 -0.291866362095
   422    117 -0.193205893040 -1.054907679558
   438    117 -0.165714904666 -1.378349542618
   454    117 -0.367208629847 -1.078219532967
   470    117 -0.513262212276 -0.353679716587
   486    117 -0.314923942089 0.235334038734
   502    117 -0.119779720902 0.179024577141
   518    117 0.072530746460 0.230152606964
    22    133 0.906855821609 -0.309387028217
    38    133 0.639496266842 1.254057168961
    54    133 0.744111537933 1.356595516205
    70    133 0.472019433975 1.126107454300
    86    133 0.511994183064 1.677573323250
   102    133 0.852149128914 2.339380264282
   118    133 0.516101360321 1.512597560883
   134    133 -0.602717995644 0.173916637897
   150    133 -1.157588720322 -0.670443892479
   166    133 -0.933842837811 -1.138072371483
   182    133 -0.784037590027 -2.047604799271
   198    133 -0.317482441664 -1.153256773949
   214    133 0.131939172745 -0.389883041382
   230    133 0.325705349445 -0.235026180744
   246    133 0.586017608643 -0.241418302059
   262    133 0.715426027775 -0.403323829174
   278    133 0.340670168400 -0.026111155748
   294    133 -0.375966757536 0.314558327198
   310    133 -0.715622901917 0.598254561424
   326    133 -0.515732228756 1.202736496925
   342    133 -0.865264177322 0.772894859314
   358    133 -1.389421939850 -0.863323450089
   374    133 -0.754298925400 -0.508605778217
   390    133 -0.344389647245 0.129264339805
   406    133 0.035707838833 -0.274475634098
   422    133 0.093813672662 -0.915413975716
   438    133 0.056900069118 -1.138816952705
   454    133 -0.080942116678 -1.291619181633
   470    133 -0.190515145659 -1.263785839081
   486    133 -0.193999499083 -0.365863621235
   502    133 -0.225508749485 0.337810575962
   518    133 -0.019353374839 0.733707427979
    22    149 1.724594593048 -0.138665437698
    38    149 0.549461007118 1.576540827751
    54    149 0.029618710279 1.820338129997
    70    149 -0.547357380390 1.382825613022
    86    149 -0.494150221348 1.760715603828
   102    149 -0.217318668962 1.664332509041
   118    149 -0.390493869781 0.631408095360
   134    149 -0.958296597004 -0.477698326111
   150    149 -1.333043575287 -1.542743921280
   166    149 -0.621730029583 -1.935129761696
   182    149 -0.303079098463 -1.748036623001
   198    149 0.213619917631 -1.158548712730
   214    149 0.581527173519 -0.634081065655
   230    149 0.396765291691 -0.621494114399
   246    149 0.380520135164 -0.751139044762
   262    149 0.490504205227 -0.463516950607
   278    149 0.238195121288 0.447953015566
   294    149 -0.552771389484 0.820453047752
   310    149 -1.640551447868 0.632446765900
   326    149 -1.685959339142 1.211134195328
   342    149 -1.602085351944 0.635356545448
   358    149 -0.925505042076 -1.104759335518
   374    149 -0.538039505482 -0.674260139465
   390    149 -0.466965019703 -0.241945326328
   406    149 0.108529314399 -0.315903484821
   422    149 0.078348442912 -0.839085519314
   438    149 -0.002253018320 -1.244532823563
   454    149 -0.036690540612 -1.274690151215
   470    149 -0.097695767879 -1.313805818558
   486    149 -0.287975609303 -0.788051009178
   502    149 -0.275880247355 0.040532410145
   518    149 -0.046406507492 0.738147497177
    22    165 3.053880929947 0.075923800468
    38    165 1.205998539925 1.810117840767
    54    165 -0.109889239073 2.046457052231
    70    165 -0.888298332691 1.862966179848
    86    165 -0.867326498032 1.734049320221
   102    165 -0.505972862244 1.211367845535
   118    165 0.148194864392 0.633379578590
   134    165 0.368445426226 -0.152173221111
   150    165 -0.068182870746 -1.321060419083
   166    165 0.373420357704 -2.017247200012
   182    165 -0.005812749267 -1.465022444725
   198    165 0.518099546432 -0.912272691727
   214    165 0.797388255596 -0.665654897690
   230    165 0.220980554819 -0.620659112930
   246    165 -0.569764137268 -0.801544308662
   262    165 -0.512663125992 -0.594734311104
   278    165 -0.344419747591 0.605922579765
   294    165 -0.521235585213 1.261605620384
   310    165 -1.713668704033 0.707795798779
   326    165 -2.300669670105 1.089765071869
   342    165 -1.179297685623 0.756439626217
   358    165 -0.261173456907 -0.122879594564
   374    165 -0.031429827213 -0.554399371147
   390    165 0.032100766897 -0.735686957836
   406    165 0.004870638251 -0.718298316002
   422    165 -0.144158467650 -1.030680179596
   438    165 -0.161554455757 -1.132135868073
   454    165 -0.234259232879 -0.827482163906
   470    165 -0.340109109879 -0.928910970688
   486    165 -0.474763095379 -0.872831046581
   502    165 -0.400712490082 -0.555373668671
   518    165 -0.280635178089 -0.129744231701
    22    181 1.974513053894 1.238100886345
    38    181 0.968648135662 2.054192543030
    54    181 0.139554083347 2.022945880890
    70    181 -0.684340119362 1.832541704178
    86    181 -1.034459352493 1.209530949593
   102    181 -0.777633666992 1.056772232056
   118    181 0.300480425358 0.860179185867
   134    181 1.248685598373 -0.223925292492
   150    181 1.435544013977 -1.620085000992
   166    181 0.820526957512 -1.433198809624
   182    181 -0.483312427998 -0.466751813889
   198    181 -0.663544774055 -0.583082497120
   214    181 0.770909905434 -0.495379388332
   230    181 0.569759011269 -0.379487633705
   246    181 -0.155734270811 -0.556324124336
   262    181 -0.095011860132 -0.699914455414
   278    181 -0.184998959303 0.250152409077
   294    181 -0.168445885181 0.923091769218
   310    181 -0.413118720055 0.642630219460
   326    181 -0.704452872276 0.797043085098
   342    181 -0.269938379526 0.759217023849
   358    181 0.285095006227 0.383524656296
   374    181 0.342843472958 -0.308865338564
   390    181 -0.465995192528 -1.362218856812
   406    181 -0.471814632416 -1.146779298782
   422    181 -0.517799437046 -0.967266678810
   438    181 -0.572695255280 -0.729779720306
   454    181 -0.337412774563 -0.226190447807
   470    181 -0.283336549997 -0.440398037434
   486    181 -0.101424336433 -1.036120176315
   502    181 -0.232778906822 -1.264726758003
   518    181 -0.798636913300 -1.367142796516
    22    197 0.299933373928 1.313341975212
    38    197 0.272426903248 2.045876026154
    54    197 -0.006179049611 2.270372867584
    70    197 -0.473178178072 1.924859046936
    86    197 -1.075028896332 1.288595080376
   102    197 -1.777817010880 0.965819478035
   118    197 -0.602226853371 0.358833074570
   134    197 0.538018107414 -0.845908582211
   150    197 1.629601478577 -1.442641973495
   166    197 -0.524169862270 0.449985861778
   182    197 -1.207886099815 0.417457103729
   198    197 -0.950175881386 -0.331904888153
   214    197 0.312458992004 -0.582859396935
   230    197 0.810797035694 -0.177215993404
   246    197 0.743471145630 -0.152393043041
   262    197 0.366585820913 -0.378371238708
   278    197 -0.209955871105 0.134664893150
   294    197 -0.378976613283 0.519060492516
   310    197 -0.461872696877 0.418030709028
   326    197 -0.365552306175 0.396505385637
   342    197 0.013247489929 0.418119609356
   358    197 0.549179971218 0.548407673836
   374    197 0.570889651775 0.218689218163
   390    197 -0.451302826405 -0.827220201492
   406    197 -1.130219936371 -1.101877093315
   422    197 -1.004972934723 -0.530925810337
   438    197 -0.805476903915 -0.091468095779
   454    197 -0.329121768475 0.180313527584
   470    197 0.326720893383 -0.020367860794
   486    197 0.669578611851 -0.988723158836
   502    197 -0.150641202927 -1.491986393929
   518    197 -1.387923598289 -2.101741552353
    22    213 -1.026439189911 -0.329454660416
    38    213 -0.622662305832 1.967678546906
    54    213 -0.726991057396 2.884399652481
    70    213 -0.643834531307 2.155650615692
    86    213 -0.553397655487 1.576395153999
   102    213 -0.641035556793 1.334822893143
   118    213 -0.066286951303 0.252394586802
   134    213 0.625685572624 -1.117413043976
   150    213 1.011419892311 -1.197214841843
   166    213 0.421247720718 -0.275026798248
   182    213 0.045197755098 0.083960950375
   198    213 0.719519197941 -0.398995667696
   214    213 0.509594082832 -0.508377909660
   230    213 0.645254492760 0.448249369860
   246    213 0.696609914303 0.839091777802
   262    213 0.112749814987 0.172640115023
   278    213 -0.452858954668 -0.004699558020
   294    213 -0.567835927010 0.255204945803
   310    213 -0.939898967743 0.420640975237
   326    213 -1.221918344498 0.198990523815
   342    213 -0.686349034309 0.285233139992
   358    213 -0.147320717573 0.336486756802
   374    213 -0.284201860428 0.220112755895
   390    213 -0.721608459949 -0.048835545778
   406    213 -1.472084999084 -0.586967349052
   422    213 -1.389581203461 -0.450018227100
   438    213 -0.584371149540 0.163721978664
   454    213 0.245782971382 0.633676230907
   470    213 0.738544464111 0.531817615032
   486    213 0.634259819984 -0.665897727013
   502    213 -0.216855764389 -1.035597443581
   518    213 -2.388864755630 -2.181256771088
    22    229 -2.664180755615 -0.888548135757
    38    229 -2.084622383118 2.076183795929
    54    229 -1.233702421188 2.912505388260
    70    229 -0.308366835117 2.371926307678
    86    229 0.220435798168 1.620673179626
   102    229 0.491423964500 0.931972503662
   118    229 0.803794384003 0.083731263876
   134    229 1.151427507401 -1.068361282349
   150    229 1.982695937157 -1.430632233620
   166    229 1.412640452385 -0.782112121582
   182    229 0.967890262604 -0.278874665499
   198    229 1.162988901138 -0.148348867893
   214    229 0.578340590000 -0.122565761209
   230    229 0.180616274476 0.621319115162
   246    229 0.407485783100 0.957680165768
   262    229 0.126395553350 0.176768556237
   278    229 -0.347703844309 -0.140277177095
   294    229 -0.946554541588 0.170190900564
   310    229 -2.214883804321 0.460885494947
   326    229 -2.362432956696 0.385790377855
   342    229 -1.648054957390 0.223716259003
   358    229 -0.900045275688 0.219895422459
   374    229 -0.995902240276 0.360011935234
   390    229 -1.209913969040 0.484801381826
   406    229 -1.548690676689 -0.130214720964
   422    229 -1.468607664108 -0.381221026182
   438    229 -0.669284462929 0.256800979376
   454    229 0.632969081402 0.935162305832
   470    229 1.410333871841 0.715663135052
   486    229 0.684572160244 -0.152240186930
   502    229 -0.566969871521 -0.478989839554
   518    229 -2.892896175385 -1.534079074860
    22    245 -2.758176565170 -0.295428395271
    38    245 -2.064532756805 0.809518635273
    54    245 -0.881860852242 1.412431359291
    70    245 0.218039691448 1.798465847969
    86    245 1.213605999947 1.790461421013
   102    245 1.191125392914 0.566064298153
   118    245 1.402316570282 -0.262517303228
   134    245 1.448550343513 -1.123507976532
   150    245 1.458510994911 -1.275946140289
   166    245 1.496250271797 -1.083997845650
   182    245 1.001568913460 -0.612667441368
   198    245 0.570224165916 0.001329600811
   214    245 -0.125304207206 0.248799607158
   230    245 -0.227801203728 0.559475481510
   246    245 0.229376882315 0.518603086472
   262    245 0.498964279890 0.022256076336
   278    245 0.144959717989 0.115588337183
   294    245 -0.530217528343 0.271107375622
   310    245 -1.439976215363 0.345640480518
   326    245 -1.136863112450 0.142675414681
   342    245 -0.949210405350 0.248801231384
   358    245 -1.055030345917 0.397294163704
   374    245 -1.345718383789 0.683591067791
   390    245 -1.409512639046 1.033769488335
   406    245 -1.783407688141 0.765009045601
   422    245 -1.744099140167 0.345252692699
   438    245 -0.930691242218 0.342433959246
   454    245 0.020658254623 0.680137932301
   470    245 0.329501688480 0.370758473873
   486    245 -0.263156831264 0.144641548395
   502    245 -1.190373778343 -0.261698424816
   518    245 -2.289653301239 -1.120884895325
    22    261 -1.526726007462 0.197729110718
    38    261 -0.873215317726 0.341088831425
    54    261 -0.219962656498 0.427158057690
    70    261 0.320640504360 0.542285501957
    86    261 0.683788359165 0.839571177959
   102    261 1.420311689377 0.662009000778
   118    261 1.522069811821 0.017238900065
   134    261 1.356586813927 -0.594344437122
   150    261 1.576969146729 -0.798176050186
   166    261 1.680308580399 -0.685966372490
   182    261 1.276219129562 -0.381353497505
   198    261 0.751602768898 0.144609540701
   214    261 0.057567402720 0.319314539433
   230    261 -0.099105894566 0.344286262989
   246    261 -0.017861954868 0.077198535204
   262    261 0.157302200794 0.002176448703
   278    261 0.207431226969 0.425539046526
   294    261 0.143261343241 0.142130106688
   310    261 0.085679620504 -0.333280593157
   326    261 -0.072813838720 -0.053892016411
   342    261 -0.300188750029 0.455324113369
   358    261 -0.472055673599 0.737676501274
   374    261 -0.848971545696 1.117695569992
   390    261 -1.293983697891 1.574397325516
   406    261 -1.686311602592 1.595172286034
   422    261 -1.389828681946 0.899923622608
   438    261 -0.911176919937 0.369324266911
   454    261 -0.569620013237 0.414008170366
   470    261 -0.805939614773 0.140748292208
   486    261 -1.109190225601 0.040855348110
   502    261 -0.660975098610 -0.319031119347
   518    261 -0.365973472595 -1.333260536194
    22    277 -0.359414994717 0.790625870228
    38    277 -0.083635389805 0.575786948204
    54    277 0.156703040004 0.221298143268
    70    277 0.162655711174 -0.307755827904
    86    277 0.183245480061 0.135665148497
   102    277 0.954243183136 0.836939334869
   118    277 1.362949609756 0.445750951767
   134    277 1.543547749519 -0.054823011160
   150    277 1.494816660881 -0.294997572899
   166    277 1.232021808624 -0.335877686739
   182    277 1.026126623154 -0.023626476526
   198    277 0.719027161598 0.364553302526
   214    277 0.140792310238 0.327797383070
   230    277 -0.192960634828 0.200382232666
   246    277 -0.431454658508 -0.073871448636
   262    277 -0.647826433182 -0.369396150112
   278    277 -0.299871534109 -0.175740897655
   294    277 0.229878991842 -0.286188840866
   310    277 0.512123882771 -0.495954930782
   326    277 0.289648026228 0.129426926374
   342    277 -0.141989126801 1.077813029289
   358    277 -0.261073499918 1.305883526802
   374    277 -0.582892119884 1.779869556427
   390    277 -1.123332977295 2.436180591583
   406    277 -1.138129591942 2.076018333435
   422    277 -0.570498466492 1.098994255066
   438    277 -0.639781057835 0.467322766781
   454    277 -0.923894703388 0.324255436659
   470    277 -1.146320343018 -0.003192856908
   486    277 -0.999806106091 -0.479602575302
   502    277 -0.116968989372 -1.105599045753
   518    277 0.872602939606 -1.570852994919
    22    293 0.315260946751 0.901674985886
    38    293 0.491339713335 0.742761969566
    54    293 0.416658431292 -0.221034020185
    70    293 0.308064192533 -0.690161705017
    86    293 0.208265006542 0.420166432858
   102    293 0.390729606152 1.017375707626
   118    293 1.081206440926 0.581578254700
   134    293 1.669393301010 0.550667881966
   150    293 1.225716590881 0.247107580304
   166    293 0.535032331944 0.059127300978
   182    293 0.269918829203 0.297208487988
   198    293 0.299606114626 0.606537461281
   214    293 -0.007424384356 0.651391267776
   230    293 -0.600594043732 0.386604428291
   246    293 -1.271436452866 -0.248390242457
   262    293 -1.648676156998 -1.194249629974
   278    293 -0.877340197563 -1.003495454788
   294    293 -0.233989119530 -0.650781393051
   310    293 0.206192404032 -0.643600344658
   326    293 0.221637725830 -0.192336499691
   342    293 -0.025807566941 1.290277719498
   358    293 -0.522178351879 2.235941410065
   374    293 -0.924896597862 2.369356870651
   390    293 -0.878548026085 2.406756162643
   406    293 -0.564697384834 2.072417020798
   422    293 -0.164605289698 1.176662683487
   438    293 -0.410478144884 0.269301652908
   454    293 -0.819443821907 0.092073500156
   470    293 -0.870705008507 -0.175686851144
   486    293 -0.440346896648 -0.763981103897
   502    293 0.359745562077 -1.510023236275
   518    293 1.029994010925 -1.281580448151
    22    309 0.750229835510 -0.439020276070
    38    309 0.685189962387 0.297555744648
    54    309 0.850823760033 -0.328191280365
    70    309 0.864317059517 -0.821808815002
    86    309 0.147478297353 0.841594934464
   102    309 -0.011921294034 1.142525911331
   118    309 0.290128856897 0.425569891930
   134    309 0.728584766388 0.743010997772
   150    309 1.155624985695 1.166774511337
   166    309 0.067802637815 0.494897902012
   182    309 -0.411530435085 0.304286599159
   198    309 -0.430728137493 0.568139851093
   214    309 -0.386423707008 0.905007541180
   230    309 -0.713693678379 0.675795674324
   246    309 -1.716934561729 -0.445215046406
   262    309 -2.058883905411 -1.545652866364
   278    309 -1.596590399742 -1.558644890785
   294    309 -1.082893371582 -0.883289813995
   310    309 -0.705202698708 -0.550649046898
   326    309 -0.292130947113 -0.549809277058
   342    309 0.070230484009 0.487793773413
   358    309 -0.036060333252 2.219800710678
   374    309 -0.093075037003 0.971192717552
   390    309 0.016299292445 0.569478273392
   406    309 -0.058896631002 1.690042138100
   422    309 0.126283288002 0.949966430664
   438    309 -0.030733376741 0.017302095890
   454    309 -0.392283529043 -0.176054477692
   470    309 -0.167370557785 -0.284746110439
   486    309 0.230696260929 -0.733865022659
   502    309 0.391222715378 -1.521268963814
   518    309 -0.490318596363 -1.101525783539
