    22     21 1.280436515808 1.292945742607
    38     21 -0.464713573456 -0.770331621170
    54     21 -0.540488183498 -1.262298822403
    70     21 0.024779856205 -1.284641861916
    86     21 1.080506443977 -0.867779195309
   102     21 2.106162548065 0.053106904030
   118     21 1.633977174759 -0.694660127163
   134     21 0.180939793587 -2.055257558823
   150     21 0.257903873920 -3.317244291306
   166     21 0.442215353251 -2.502160310745
   182     21 0.921985626221 -1.730929493904
   198     21 0.761831045151 -0.299923300743
   214     21 0.715669810772 -0.061095297337
   230     21 -0.033830940723 -0.081465482712
   246     21 -1.288324594498 0.293161034584
   262     21 -1.314387321472 0.150138974190
   278     21 -0.296736329794 0.293719977140
   294     21 0.481841444969 0.365146815777
   310     21 0.674087703228 0.503771066666
   326     21 0.216969668865 1.124047160149
   342     21 0.882108926773 1.416518688202
   358     21 1.614565849304 1.175789117813
   374     21 1.327930331230 0.620197057724
   390     21 1.172757625580 0.230325102806
   406     21 1.235344886780 -0.555150032043
   422     21 1.577194690704 -0.795537948608
   438     21 1.760209441185 -1.049632072449
   454     21 1.390688300133 -1.689304590225
   470     21 1.020023822784 -1.437843203545
   486     21 0.761631488800 -0.505360841751
   502     21 0.626978516579 -0.802081346512
   518     21 0.395747661591 -1.382094860077
    22     37 0.165737509727 -0.341049373150
    38     37 -0.633627057076 -0.866748034954
    54     37 -0.691482067108 -0.807484388351
    70     37 -0.700530111790 -0.736002206802
    86     37 -0.283044874668 -0.390213906765
   102     37 0.177608788013 -0.089859098196
   118     37 -0.013415575027 -0.259488433599
   134     37 -0.033796340227 -0.694431126118
   150     37 -0.489215284586 -2.521781921387
   166     37 0.146756529808 -2.458307266235
   182     37 -0.211238026619 -1.890537619591
   198     37 0.673930883408 -1.252109050751
   214     37 0.869151234627 -0.812860608101
   230     37 0.045043230057 -0.329634308815
   246     37 -0.485689580441 -0.137804090977
   262     37 -0.440314918756 0.141332149506
   278     37 -0.301793664694 0.748829185963
   294     37 0.060091733932 0.928418040276
   310     37 0.215655818582 1.339545369148
   326     37 0.034783750772 1.841217398643
   342     37 0.458335042000 2.010224819183
   358     37 1.157911062241 2.041851043701
   374     37 1.138655900955 1.298788547516
   390     37 0.722749590874 0.365121901035
   406     37 0.275162518024 -1.325085163116
   422     37 0.293182700872 -1.662605404854
   438     37 0.449267536402 -1.406341433525
   454     37 0.131886392832 -1.762304067612
   470     37 0.085794627666 -1.546287894249
   486     37 0.131578207016 -1.046687841415
   502     37 0.186327308416 -0.885965108871
   518     37 0.239628523588 -0.835048913956
    22     53 -0.051416307688 -0.954731702805
    38     53 0.394557654858 -0.235231757164
    54     53 -0.156839400530 -0.323419660330
    70     53 -0.840949892998 -0.187242746353
    86     53 -0.304772198200 0.414717495441
   102     53 0.025621794164 0.322377026081
   118     53 -0.051059022546 0.016532920301
   134     53 0.013534545898 -0.065655559301
   150     53 0.105217933655 -0.311658620834
   166     53 0.387169122696 -1.340054631233
   182     53 0.762638211250 -2.323873758316
   198     53 1.360344171524 -2.209336519241
   214     53 0.705282688141 -0.963465631008
   230     53 -0.204986155033 -0.244130134583
   246     53 -0.311032593250 0.071951121092
   262     53 -0.266062438488 0.402068912983
   278     53 -0.251992881298 0.872196316719
   294     53 -0.075560793281 1.108289480209
   310     53 -0.025450065732 1.578092336655
   326     53 0.090761646628 1.514559626579
   342     53 0.420625001192 1.169159173965
   358     53 0.732355892658 1.492596149445
   374     53 0.644047439098 1.395903229713
   390     53 0.305015683174 0.648588180542
   406     53 -0.210538744926 -0.555751681328
   422     53 -0.346724241972 -1.544659018517
   438     53 -0.536495506763 -1.792753219604
   454     53 -1.174022436142 -1.830858469009
   470     53 -0.918784022331 -1.507578492165
   486     53 -0.417159676552 -1.190738797188
   502     53 0.018903970718 -1.057376384735
   518     53 0.638781309128 -1.235349535942
    22     69 0.231106042862 -0.667092442513
    38     69 0.795893192291 0.325641661882
    54     69 0.546240031719 0.499274820089
    70     69 -0.056679636240 0.713835239410
    86     69 0.523772478104 1.030011892319
   102     69 0.560350894928 0.724821686745
   118     69 0.577181339264 0.188537418842
   134     69 0.481342792511 0.371430188417
   150     69 0.589505136013 0.291373819113
   166     69 1.129657745361 -0.805466473103
   182     69 1.367090940475 -1.954902887344
   198     69 1.182119131088 -1.869272947311
   214     69 -0.050035580993 -0.828461289406
   230     69 -0.913012981415 -0.460096389055
   246     69 -0.460757255554 -0.096752554178
   262     69 -0.129869908094 0.220419943333
   278     69 0.026465140283 0.682299315929
   294     69 0.279608607292 1.243147611618
   310     69 0.273646175861 1.621670603752
   326     69 0.199395149946 0.539969801903
   342     69 0.330374181271 -0.560462355614
   358     69 0.371783345938 -0.160307109356
   374     69 0.311439782381 1.520309448242
   390     69 0.323956459761 1.370866417885
   406     69 0.192364424467 0.026757895947
   422     69 0.241320833564 -0.856609582901
   438     69 -0.169987469912 -1.011526346207
   454     69 -1.558479070663 -1.045541048050
   470     69 -2.112896680832 -1.197023153305
   486     69 -1.095889806747 -1.135843992233
   502     69 -0.350399494171 -1.154242753983
   518     69 0.650684535503 -1.560455799103
    22     85 -0.170605301857 -0.251933574677
    38     85 0.693881332874 0.273395299911
    54     85 0.824697375298 0.790603458881
    70     85 0.629919230938 1.213343501091
    86     85 0.715113103390 1.337996721268
   102     85 1.078301310539 0.915264964104
   118     85 1.520720362663 0.199416846037
   134     85 1.397286057472 0.568641185760
   150     85 1.295013904572 0.211648777127
   166     85 1.593793272972 -0.793677747250
   182     85 1.213287711143 -0.848485767841
   198     85 0.677161931992 -0.966485023499
   214     85 0.041003197432 -0.682806253433
   230     85 -0.548354864120 -0.661361575127
   246     85 -0.087262928486 -0.642500877380
   262     85 0.022825919092 -0.310658484697
   278     85 0.045737519860 0.112237647176
   294     85 0.345821797848 0.937127768993
   310     85 0.754126787186 1.603516936302
   326     85 0.446881681681 -0.173513054848
   342     85 0.154882758856 -0.882851541042
   358     85 -0.125377893448 -0.770100951195
   374     85 -0.381425678730 1.146326303482
   390     85 -0.000763863325 1.591832995415
   406     85 0.473612159491 0.542032718658
   422     85 0.721960127354 0.046053588390
   438     85 0.407287418842 -0.338948607445
   454     85 -0.324023604393 -0.272932469845
   470     85 -0.890483498573 -0.110577315092
   486     85 -0.957674741745 -0.442218720913
   502     85 -0.481028139591 -1.010271072388
   518     85 0.410742640495 -1.512871265411
    22    101 0.390876829624 0.217552304268
    38    101 0.854812085629 0.333854109049
    54    101 1.067703008652 0.671938300133
    70    101 1.033921718597 1.115871667862
    86    101 1.458741545677 0.941823899746
   102    101 1.761034131050 0.652193784714
   118    101 1.344115257263 0.110677003860
   134    101 0.665988445282 -0.589965939522
   150    101 1.052772164345 -0.279908567667
   166    101 1.246180772781 -0.503987848759
   182    101 0.963999807835 -0.468862891197
   198    101 0.874350667000 -0.621087253094
   214    101 0.440028548241 -0.422449827194
   230    101 0.054249823093 -0.326897323132
   246    101 0.312606871128 -0.503904700279
   262    101 0.365475386381 -0.483318775892
   278    101 0.234532952309 -0.134171679616
   294    101 0.168900474906 0.453394353390
   310    101 0.473919987679 0.352609634399
   326    101 0.333607077599 -0.243613481522
   342    101 -0.163171082735 -0.593261837959
   358    101 -0.439705193043 -0.563616275787
   374    101 -0.819335639477 0.470780700445
   390    101 -0.324078619480 0.931697368622
   406    101 0.378107845783 0.487557530403
   422    101 0.762037038803 0.230475544930
   438    101 0.570508718491 0.044372275472
   454    101 0.009418070316 -0.137602925301
   470    101 -0.474097549915 0.179145351052
   486    101 -0.445662260056 -0.068508327007
   502    101 -0.215281292796 -0.700838148594
   518    101 0.342434644699 -1.283365130424
    22    117 0.342249274254 0.336048364639
    38    117 1.292150974274 0.622537910938
    54    117 1.561671495438 0.723864436150
    70    117 1.682783126831 0.901491880417
    86    117 2.285331964493 0.668358564377
   102    117 2.078744173050 0.513040363789
   118    117 0.411908000708 0.135899364948
   134    117 -0.365726709366 -0.110502898693
   150    117 0.083094492555 0.054547980428
   166    117 0.101046830416 -0.268741101027
   182    117 0.310615211725 -0.897446691990
   198    117 0.763208150864 -0.811792254448
   214    117 0.768207490444 -0.406280279160
   230    117 0.829435527325 -0.241687834263
   246    117 0.952217400074 -0.307043790817
   262    117 0.920032441616 -0.511263728142
   278    117 0.729615569115 -0.071733906865
   294    117 0.178229391575 0.430559158325
   310    117 -0.114357173443 0.276834189892
   326    117 -0.546686172485 0.478318154812
   342    117 -0.926874160767 -0.195043474436
   358    117 -0.920613884926 -0.494188994169
   374    117 -0.622836530209 0.091373533010
   390    117 -0.539636492729 0.404350578785
   406    117 0.099258348346 0.157948523760
   422    117 0.733054399490 0.104655459523
   438    117 0.816258192062 0.323969423771
   454    117 0.398214340210 -0.114025026560
   470    117 0.031995907426 -0.385171234608
   486    117 0.033098369837 -0.422426283360
   502    117 -0.040011376143 -0.573000431061
   518    117 0.132894188166 -0.673634529114
    22    133 -0.078776955605 0.596922695637
    38    133 1.411453604698 0.907044529915
    54    133 1.405117034912 0.965593338013
    70    133 1.377030134201 1.225687980652
    86    133 1.366955041885 1.143960833549
   102    133 0.390390038490 0.221517592669
   118    133 -0.604611277580 0.141054421663
   134    133 -0.833537340164 0.198424518108
   150    133 -0.664135336876 0.097760289907
   166    133 -0.723566830158 -0.740551114082
   182    133 -0.862002670765 -1.168862819672
   198    133 -0.239084750414 -0.687066555023
   214    133 0.572961628437 -0.613745331764
   230    133 1.081175804138 -0.288876950741
   246    133 1.536649346352 -0.120781719685
   262    133 1.475585222244 -0.228132277727
   278    133 0.520124256611 0.362458050251
   294    133 -0.541244506836 0.718142628670
   310    133 -1.196990489960 0.726159632206
   326    133 -1.161652803421 1.117926120758
   342    133 -1.275084376335 0.415002882481
   358    133 -1.007815241814 -0.616764605045
   374    133 -0.231210678816 -0.369795739651
   390    133 -0.307389795780 -0.028936482966
   406    133 -0.062841847539 -0.103957280517
   422    133 0.577190458775 -0.023043736815
   438    133 1.211926460266 0.565429031849
   454    133 1.033210396767 0.010325223207
   470    133 0.485352098942 -0.856944561005
   486    133 0.141362115741 -0.809605360031
   502    133 -0.224520087242 -0.530626535416
   518    133 -0.425537347794 -0.189988374710
    22    149 1.606199145317 0.240424752235
    38    149 1.315222620964 0.977872371674
    54    149 0.237249672413 1.089479088783
    70    149 -0.359131395817 1.015007972717
    86    149 -0.557486176491 0.977635025978
   102    149 -0.986109495163 0.371127426624
   118    149 -1.543041229248 0.277814656496
   134    149 -1.231793403625 0.611713409424
   150    149 -1.090690970421 -0.073685422540
   166    149 -0.981555879116 -1.513156890869
   182    149 -1.058077573776 -1.129383563995
   198    149 -0.520724296570 -0.914576888084
   214    149 0.125122100115 -1.049793839455
   230    149 0.469500660896 -0.595146179199
   246    149 1.355931758881 0.093798652291
   262    149 1.040316820145 0.344185799360
   278    149 -0.155242428184 1.088487744331
   294    149 -1.490379810333 0.933841466904
   310    149 -2.365360260010 0.515128731728
   326    149 -2.134783983231 0.781010389328
   342    149 -1.637247085571 0.170067608356
   358    149 -0.923959851265 -1.355983972549
   374    149 -0.080487489700 -0.578919708729
   390    149 -0.132165223360 -0.166684180498
   406    149 0.117929682136 -0.356122404337
   422    149 0.640700101852 -0.328535854816
   438    149 0.685242652893 -0.200426667929
   454    149 0.393893450499 -0.323844313622
   470    149 -0.115113221109 -0.878066539764
   486    149 -0.499726951122 -1.195537924767
   502    149 -0.556109607220 -0.946280777454
   518    149 -0.690265297890 -0.390437662601
    22    165 3.032577514648 -0.455803513527
    38    165 0.820587277412 1.503406047821
    54    165 -0.417131513357 1.301601409912
    70    165 -1.640976190567 0.900447964668
    86    165 -1.393003702164 1.104903459549
   102    165 -1.023216366768 0.809685230255
   118    165 -0.559021711349 0.845897912979
   134    165 -0.082250416279 0.665597558022
   150    165 -0.079693853855 -0.341578722000
   166    165 -0.222987174988 -2.249252319336
   182    165 -0.671477377415 -1.911513924599
   198    165 -0.504457235336 -1.447548389435
   214    165 -0.186113566160 -1.322441101074
   230    165 -0.314926803112 -0.780374586582
   246    165 -0.845785856247 -0.006118625402
   262    165 -0.913493394852 0.913921833038
   278    165 -0.656381845474 1.330955862999
   294    165 -0.727076053619 1.304085016251
   310    165 -1.392163872719 0.507830739021
   326    165 -1.555468082428 0.699468493462
   342    165 -1.286646485329 0.403680145741
   358    165 -0.653404116631 -0.908653378487
   374    165 -0.035685673356 -0.779778063297
   390    165 0.052200108767 -0.304131090641
   406    165 0.137315213680 -0.652841925621
   422    165 0.348390847445 -0.725116848946
   438    165 0.180706083775 -0.387540161610
   454    165 -0.350106418133 -0.434113144875
   470    165 -0.867468535900 -0.994028568268
   486    165 -0.727328479290 -1.705274343491
   502    165 -0.418393492699 -1.256699681282
   518    165 -0.687421679497 -0.737840175629
    22    181 2.395820856094 0.404242515564
    38    181 1.022808551788 1.433246731758
    54    181 0.286457508802 1.571015357971
    70    181 -0.654100239277 1.462916970253
    86    181 -1.163005471230 1.387800097466
   102    181 -0.616583526134 1.587867498398
   118    181 0.270479053259 1.055296182632
   134    181 0.870587468147 0.393400967121
   150    181 1.012386918068 -0.655086398125
   166    181 0.394334137440 -1.698774337769
   182    181 -0.973127245903 -0.944427907467
   198    181 -1.352844953537 -1.136522531509
   214    181 -1.022743463516 -1.238332033157
   230    181 -0.896738350391 -0.709028661251
   246    181 -1.587974667549 0.373479157686
   262    181 -1.422323465347 0.844457864761
   278    181 -0.688495516777 0.615490317345
   294    181 -0.375387310982 1.073928833008
   310    181 -0.439254462719 1.027073383331
   326    181 -0.230600684881 0.967526972294
   342    181 0.339919269085 1.457877397537
   358    181 0.355270087719 0.521241903305
   374    181 0.425754189491 -0.491594821215
   390    181 -0.037422224879 -0.571998476982
   406    181 -0.210371285677 -0.719045221806
   422    181 -0.354593247175 -0.844438672066
   438    181 -0.432491123676 -0.325967997313
   454    181 -0.436408907175 0.100415736437
   470    181 -0.758951902390 -1.060786128044
   486    181 -0.120924472809 -1.978096723557
   502    181 -0.254912495613 -1.529280900955
   518    181 -1.079956650734 -1.118590831757
    22    197 0.665869474411 0.031650781631
    38    197 0.568629741669 1.238040447235
    54    197 0.225725308061 1.746054172516
    70    197 -0.147159934044 1.640699625015
    86    197 -0.888827323914 1.452231884003
   102    197 -0.797941684723 1.384389400482
   118    197 0.212634891272 0.721844792366
   134    197 0.819433569908 -0.539669096470
   150    197 1.168926477432 -0.851931810379
   166    197 0.340738117695 -0.321728557348
   182    197 -1.120215415955 -0.131908476353
   198    197 -1.780373215675 -0.523875474930
   214    197 -1.537519216537 -0.847208797932
   230    197 -0.984362006187 -0.613309383392
   246    197 -0.836970567703 0.414142251015
   262    197 -0.392707556486 0.867564201355
   278    197 0.089566826820 0.363517522812
   294    197 0.101500332355 0.673677444458
   310    197 -0.304238379002 1.006989121437
   326    197 0.463159501553 0.958447933197
   342    197 1.428611516953 1.578938245773
   358    197 1.311975121498 1.371650218964
   374    197 0.373544037342 0.374577760696
   390    197 -0.520781815052 -0.260778814554
   406    197 -0.832354545593 -0.640146851540
   422    197 -0.921084582806 -0.493751168251
   438    197 -0.715362191200 0.037033438683
   454    197 -0.045412659645 0.568553924561
   470    197 0.672785222530 0.187584713101
   486    197 0.376540243626 -1.368228077888
   502    197 -0.792220413685 -1.417514681816
   518    197 -1.918975114822 -1.626370906830
    22    213 -1.354680061340 -1.002278447151
    38    213 -0.896552801132 0.909645855427
    54    213 -0.568801522255 1.719756722450
    70    213 -0.255896002054 1.591002225876
    86    213 -0.325561672449 1.211469292641
   102    213 -0.221058726311 0.896808147430
   118    213 0.506929636002 -0.078999608755
   134    213 1.203932166100 -1.260154724121
   150    213 1.495576977730 -0.931572914124
   166    213 1.010054588318 -0.069882303476
   182    213 0.084363281727 0.080036446452
   198    213 -0.298696577549 -0.224805414677
   214    213 -0.290700614452 -0.731651782990
   230    213 -0.083782359958 -0.466722488403
   246    213 0.243642777205 0.274267852306
   262    213 0.553226053715 0.469496905804
   278    213 1.044948577881 -0.062715590000
   294    213 0.250716686249 0.250928342342
   310    213 -0.669475376606 0.708815276623
   326    213 -0.670557022095 0.791042625904
   342    213 0.509395718575 1.347922921181
   358    213 0.187874525785 1.442035913467
   374    213 -0.556787252426 0.606427907944
   390    213 -1.151352047920 0.093316316605
   406    213 -1.764521956444 -0.560958623886
   422    213 -1.528022050858 -0.396283864975
   438    213 -0.604743182659 0.257164746523
   454    213 0.181813776493 0.398479402065
   470    213 0.932409465313 0.057158105075
   486    213 1.135469317436 -0.575515627861
   502    213 -0.411581158638 -0.674589276314
   518    213 -2.786162614822 -1.511242866516
    22    229 -2.244779348373 -0.624821901321
    38    229 -2.006859779358 1.245074748993
    54    229 -1.083413600922 1.993930339813
    70    229 0.206947565079 2.084443330765
    86    229 0.362270355225 1.246497035027
   102    229 0.626285254955 0.228819906712
   118    229 1.164408087730 -0.599415600300
   134    229 1.578535437584 -1.007465243340
   150    229 2.880532264709 -0.804168999195
   166    229 2.397285938263 -0.398740589619
   182    229 1.010414242744 0.180807083845
   198    229 1.099160909653 0.228640273213
   214    229 0.956658482552 -0.237179875374
   230    229 0.905719876289 -0.244748011231
   246    229 0.906981348991 0.045233149081
   262    229 1.114075183868 -0.002348899841
   278    229 1.093872308731 0.212124288082
   294    229 -0.208984583616 0.580439686775
   310    229 -0.937584757805 0.635802626610
   326    229 -1.452800631523 0.817146360874
   342    229 -1.256923913956 1.563252568245
   358    229 -0.930341959000 1.285306334496
   374    229 -1.082629203796 0.789504885674
   390    229 -1.468897223473 0.571884930134
   406    229 -2.368399143219 -0.084588646889
   422    229 -1.786185026169 -0.424592375755
   438    229 -0.154767632484 0.406113535166
   454    229 0.666868269444 0.433160245419
   470    229 0.794885098934 -0.057734660804
   486    229 0.558976650238 -0.280704945326
   502    229 -0.692860960960 0.166235089302
   518    229 -2.095385789871 -0.636968970299
    22    245 -2.373104095459 -0.136792540550
    38    245 -2.090228557587 1.482830286026
    54    245 -1.211433172226 1.604742646217
    70    245 -0.089288592339 1.741203784943
    86    245 0.749740362167 1.496119499207
   102    245 0.987797498703 0.167929410934
   118    245 1.247112512589 -0.533585071564
   134    245 1.398956179619 -0.778026640415
   150    245 1.969651460648 -0.916095376015
   166    245 1.987015247345 -0.661175727844
   182    245 1.283003807068 0.099974855781
   198    245 1.264709949493 0.498719334602
   214    245 0.849336504936 0.492933511734
   230    245 0.359241604805 0.164342015982
   246    245 0.437915414572 -0.066144697368
   262    245 0.783404350281 0.157166227698
   278    245 0.342629134655 0.745662629604
   294    245 -0.559936821461 0.665982067585
   310    245 -0.873223781586 0.515595436096
   326    245 -1.036720395088 0.988068223000
   342    245 -1.128100395203 1.598957419395
   358    245 -1.220842599869 1.435684084892
   374    245 -1.424594163895 1.401160836220
   390    245 -1.646199584007 1.734380960464
   406    245 -2.298639297485 1.222980022430
   422    245 -1.488831520081 0.461886405945
   438    245 -0.266112089157 0.366207569838
   454    245 0.333597540855 0.489855200052
   470    245 -0.052872449160 -0.010861828923
   486    245 -1.373933434486 -0.361511021852
   502    245 -2.521575212479 -0.206748187542
   518    245 -2.807133913040 -0.565899193287
    22    261 -1.733654975891 0.365838527679
    38    261 -1.180293440819 0.556997418404
    54    261 -0.557354629040 0.554717898369
    70    261 -0.174563705921 1.021515607834
    86    261 0.228994727135 1.456614494324
   102    261 1.419582605362 1.411985874176
   118    261 1.249094367027 0.187276095152
   134    261 1.389410018921 -0.521401166916
   150    261 1.532495498657 -1.042899608612
   166    261 1.340846061707 -0.895062446594
   182    261 1.156141281128 -0.229129955173
   198    261 1.037958860397 0.188120901585
   214    261 0.639769673347 0.436214864254
   230    261 -0.114905595779 0.314075469971
   246    261 -0.307108342648 -0.128478705883
   262    261 -0.203905537724 -0.035988777876
   278    261 -0.159346610308 0.504231393337
   294    261 -0.299085766077 0.393899112940
   310    261 0.055498123169 0.196024298668
   326    261 0.203476309776 0.703165054321
   342    261 -0.465260803699 2.060499668121
   358    261 -0.698987007141 2.072378873825
   374    261 -1.166350603104 2.356134176254
   390    261 -1.290051221848 2.478171825409
   406    261 -1.130575656891 1.860032320023
   422    261 -0.637873530388 1.082913637161
   438    261 -0.259706556797 0.498194813728
   454    261 -0.558210790157 0.334302365780
   470    261 -1.123769164085 -0.109203726053
   486    261 -1.724538803101 -0.437582999468
   502    261 -1.078189730644 -0.633666515350
   518    261 0.129697859287 -1.488678693771
    22    277 -0.889787018299 0.738723278046
    38    277 0.025373697281 -0.163176774979
    54    277 0.843387901783 -0.751516282558
    70    277 0.322594881058 0.149368196726
    86    277 -0.189882755280 1.259304642677
   102    277 1.166646480560 1.549749851227
   118    277 1.801139593124 1.018949031830
   134    277 1.721565485001 -0.261343955994
   150    277 0.986090421677 -1.264851808548
   166    277 0.524888098240 -1.584136962891
   182    277 0.349953830242 -0.525808513165
   198    277 0.210794270039 -0.028863638639
   214    277 0.023279011250 0.439126223326
   230    277 -0.450319081545 0.503102004528
   246    277 -1.400944709778 -0.417944252491
   262    277 -1.611475467682 -0.845997214317
   278    277 -0.312528192997 0.082205027342
   294    277 0.337145775557 0.037143975496
   310    277 0.786293506622 -0.221611320972
   326    277 0.619308948517 0.382372021675
   342    277 -0.135890975595 2.081504821777
   358    277 -0.446540176868 2.880914926529
   374    277 -0.745614528656 2.921193122864
   390    277 -0.619405031204 2.538919925690
   406    277 -0.139242410660 1.893383622169
   422    277 0.112662553787 1.377752065659
   438    277 -0.441605687141 0.726634919643
   454    277 -1.264988183975 0.395937144756
   470    277 -1.463218927383 -0.259735226631
   486    277 -0.852061688900 -0.830515205860
   502    277 0.132552325726 -1.191520333290
   518    277 1.325205922127 -1.580863475800
    22    293 0.074598312378 0.168203830719
    38    293 0.753836631775 -1.188241720200
    54    293 1.135758996010 -1.668062925339
    70    293 0.563855290413 -0.396828830242
    86    293 -0.199116885662 1.090086221695
   102    293 0.217752426863 1.279936552048
   118    293 1.373183131218 0.873075067997
   134    293 1.360229372978 -0.278907954693
   150    293 1.065317630768 -0.829937219620
   166    293 0.099190831184 -0.781588196754
   182    293 -0.399385094643 -0.204720273614
   198    293 -0.325285732746 0.255293488503
   214    293 -0.206359148026 0.847071051598
   230    293 -0.583138585091 0.836559116840
   246    293 -1.171273946762 -0.159786745906
   262    293 -1.495206356049 -1.791460037231
   278    293 -0.331422388554 -1.113448858261
   294    293 0.270286381245 -0.565290331841
   310    293 0.201222032309 -0.231579631567
   326    293 -0.170342415571 0.443587750196
   342    293 -0.251071870327 3.002233028412
   358    293 -0.105282485485 2.669371843338
   374    293 -0.271055102348 2.647874593735
   390    293 -0.169593110681 1.863082289696
   406    293 -0.180065095425 1.858643054962
   422    293 -0.221663713455 1.496393203735
   438    293 -0.738454341888 0.633376657963
   454    293 -0.962107658386 0.127954959869
   470    293 -0.572709262371 -0.388460665941
   486    293 0.194758415222 -0.968377411366
   502    293 1.116470813751 -1.456151485443
   518    293 0.319626092911 -0.463705778122
    22    309 1.132854700089 -1.560975551605
    38    309 1.593343973160 -2.590663671494
    54    309 1.364532232285 -2.186604022980
    70    309 0.739036142826 -1.037301898003
    86    309 0.220056414604 0.005964130163
   102    309 0.211096763611 0.696671724319
   118    309 0.046949863434 -0.332320392132
   134    309 -0.219633102417 -0.580378890038
   150    309 -0.196187496185 -0.475614100695
   166    309 -0.706981778145 -0.189328461885
   182    309 -0.827558875084 0.274171948433
   198    309 -0.451223015785 0.696018099785
   214    309 -0.275769263506 0.993503212929
   230    309 -0.193516731262 0.914854109287
   246    309 -0.885456681252 -0.505990266800
   262    309 -1.217081308365 -2.721595287323
   278    309 -0.535177052021 -1.971687674522
   294    309 -0.431118786335 -1.166024684906
   310    309 -0.760682106018 -0.616540193558
   326    309 -0.605033099651 -0.616456985474
   342    309 0.093221351504 0.615864336491
   358    309 0.547537207603 2.146464824677
   374    309 0.024997269735 2.180893421173
   390    309 -0.201490297914 1.748341083527
   406    309 -0.459875047207 1.201047539711
   422    309 -0.665190637112 0.925781250000
   438    309 -0.344658613205 0.325762569904
   454    309 0.063155829906 0.055242776871
   470    309 0.823348760605 -0.198984026909
   486    309 1.284537911415 -0.976497828960
   502    309 1.094655871391 -1.211762905121
   518    309 -0.511578440666 0.186517477036
