    22     21 0.189476132393 1.348471879959
    38     21 -0.396154254675 -0.591506838799
    54     21 -0.370765477419 -1.114408493042
    70     21 0.000183701515 -1.116483926773
    86     21 0.818956255913 -0.693635284901
   102     21 1.533060431480 -0.107875943184
   118     21 1.116473317146 -0.892572581768
   134     21 -0.020659506321 -2.520884513855
   150     21 0.118656843901 -2.722717046738
   166     21 0.664005219936 -2.443825721741
   182     21 1.240822911263 -2.058821201324
   198     21 1.040923833847 -0.732097387314
   214     21 0.551656126976 0.050969302654
   230     21 -0.519564628601 0.476457864046
   246     21 -1.768240332603 0.762057125568
   262     21 -1.359144091606 0.413531422615
   278     21 -0.426972150803 0.770070314407
   294     21 0.013448238373 1.044640779495
   310     21 -0.058253645897 1.457741737366
   326     21 -0.127556860447 2.159692049026
   342     21 0.704945325851 2.702783584595
   358     21 1.438226699829 2.136730432510
   374     21 1.215005517006 1.179579019547
   390     21 1.170848846436 0.686584532261
   406     21 1.097421169281 -0.553311228752
   422     21 1.324729442596 -1.150050044060
   438     21 1.951409935951 -0.925325274467
   454     21 1.933785915375 -1.500255584717
   470     21 2.100246906281 -1.278616070747
   486     21 1.818299770355 0.321206748486
   502     21 0.504127025604 -0.194025993347
   518     21 -0.538372993469 -2.084526538849
    22     37 0.018230736256 -0.075988024473
    38     37 -0.359925746918 -0.589595496655
    54     37 -0.961028337479 -0.921356797218
    70     37 -0.900905370712 -0.445370018482
    86     37 -0.341882646084 -0.263161450624
   102     37 0.237994670868 -0.131916165352
   118     37 0.271085292101 -0.473912119865
   134     37 0.263947516680 -1.033999919891
   150     37 -0.287375152111 -3.203441143036
   166     37 0.632535815239 -2.549938678741
   182     37 0.527020573616 -1.764189720154
   198     37 0.832970798016 -1.111302971840
   214     37 0.737108945847 -0.379562646151
   230     37 -0.036558151245 0.279400110245
   246     37 -0.540592014790 0.282040029764
   262     37 -0.517633616924 0.315647065639
   278     37 -0.418737918139 0.990266084671
   294     37 -0.281106173992 1.405699729919
   310     37 -0.449470400810 1.975709438324
   326     37 -0.324409782887 2.073975086212
   342     37 0.535354435444 1.979052305222
   358     37 1.594298958778 2.298235654831
   374     37 1.520141601562 1.369965076447
   390     37 0.982693552971 0.451581954956
   406     37 0.459176898003 -1.722180962563
   422     37 0.415432721376 -2.604215860367
   438     37 0.617420613766 -1.910745143890
   454     37 0.337551891804 -2.238915205002
   470     37 0.716742396355 -1.694027423859
   486     37 0.643716931343 -1.209467887878
   502     37 0.102054536343 -1.080845713615
   518     37 -0.100732803345 -1.585198163986
    22     53 -0.482382118702 -0.701067924500
    38     53 -0.183542251587 -0.046088308096
    54     53 -0.299533963203 -0.259088516235
    70     53 -0.929777503014 -0.023441210389
    86     53 -0.232490807772 0.530156195164
   102     53 0.239681661129 0.257708191872
   118     53 0.152985394001 -0.160810709000
   134     53 0.240652590990 -0.422162324190
   150     53 0.306276082993 -0.765849590302
   166     53 0.569359362125 -1.487950563431
   182     53 0.916731894016 -1.867340803146
   198     53 1.524485349655 -1.723421216011
   214     53 0.586896598339 -0.367847174406
   230     53 -0.188547641039 0.206690579653
   246     53 -0.220441758633 0.487678617239
   262     53 -0.089567646384 0.660687327385
   278     53 -0.034857317805 0.716715216637
   294     53 0.014957830310 1.068606019020
   310     53 -0.316939830780 2.131789207458
   326     53 -0.072786390781 1.515631675720
   342     53 0.620680212975 0.720125496387
   358     53 0.922389805317 1.120515823364
   374     53 0.772650420666 1.020450115204
   390     53 0.348555415869 0.437972992659
   406     53 -0.360856235027 -1.223948955536
   422     53 -0.889991044998 -2.737377166748
   438     53 -0.594728112221 -2.444384098053
   454     53 -0.985246181488 -2.755503177643
   470     53 -0.822350025177 -2.168200016022
   486     53 -0.449013948441 -2.146520376205
   502     53 -0.277660667896 -2.140100717545
   518     53 0.233621478081 -1.744381427765
    22     69 -0.912863850594 -0.407497584820
    38     69 -0.174194186926 0.438146054745
    54     69 0.133657038212 0.328584671021
    70     69 0.012941360474 0.619797110558
    86     69 0.505962610245 0.950832068920
   102     69 0.514569520950 0.689972639084
   118     69 0.606661319733 -0.080583386123
   134     69 0.622420549393 -0.112625539303
   150     69 0.710871040821 -0.166239410639
   166     69 0.954632163048 -0.889827251434
   182     69 1.079611539841 -1.993769884109
   198     69 1.239701509476 -1.490607500076
   214     69 0.055789664388 -0.313665747643
   230     69 -0.601992964745 -0.153057843447
   246     69 -0.181906297803 0.096731126308
   262     69 0.262687832117 0.244102507830
   278     69 0.559540390968 0.215938597918
   294     69 0.805253922939 1.012765645981
   310     69 0.608961224556 2.464965105057
   326     69 0.353307545185 0.335671633482
   342     69 0.199468642473 -0.657254993916
   358     69 0.085440218449 -0.257806032896
   374     69 -0.013073168695 0.909942388535
   390     69 0.081136420369 0.788046777248
   406     69 -0.048788335174 -0.562050640583
   422     69 -0.296788603067 -1.601257324219
   438     69 -0.355011671782 -1.370245814323
   454     69 -1.538492560387 -1.301955938339
   470     69 -2.223315238953 -1.580022573471
   486     69 -1.404600143433 -1.920405030251
   502     69 -0.685825824738 -2.139497756958
   518     69 0.310723781586 -2.008548498154
    22     85 -0.772449612617 -0.384064614773
    38     85 0.180562853813 0.061601176858
    54     85 0.572809338570 0.480553984642
    70     85 0.506449341774 0.942459166050
    86     85 0.590279757977 1.247124433517
   102     85 0.948289871216 1.041283488274
   118     85 1.398591995239 0.183735743165
   134     85 1.278614997864 -0.093477338552
   150     85 1.131441116333 -0.174195528030
   166     85 1.046023011208 -0.588164091110
   182     85 0.496505469084 -0.725536823273
   198     85 0.099430084229 -0.676860213280
   214     85 -0.134446725249 -0.302752792835
   230     85 -0.200017482042 -0.400166749954
   246     85 0.108017370105 -0.477210879326
   262     85 0.268057376146 -0.404882431030
   278     85 0.612379670143 -0.320337831974
   294     85 0.800912082195 0.780418276787
   310     85 1.002175450325 1.660933375359
   326     85 0.655080139637 -0.325553715229
   342     85 -0.081317730248 -0.912479996681
   358     85 -0.409713923931 -0.540261149406
   374     85 -0.509607732296 0.669696927071
   390     85 -0.142984956503 0.835580945015
   406     85 0.206257015467 -0.159791737795
   422     85 0.438725799322 -0.659589171410
   438     85 0.230614617467 -0.624342203140
   454     85 -0.503640174866 -0.569988071918
   470     85 -1.085775613785 -0.613484919071
   486     85 -1.073060512543 -0.823398590088
   502     85 -0.597640454769 -1.554999589920
   518     85 0.138829916716 -2.301408767700
    22    101 0.369648367167 0.057990133762
    38    101 0.681812763214 0.118113249540
    54    101 0.931943535805 0.259632229805
    70    101 0.969116866589 0.580505609512
    86    101 1.263740658760 0.708133459091
   102    101 1.462538480759 0.906514763832
   118    101 1.059277296066 0.050602227449
   134    101 0.360935151577 -0.463599562645
   150    101 0.767950296402 -0.084187157452
   166    101 0.433102220297 -0.170248717070
   182    101 0.031921014190 -0.174860060215
   198    101 0.133436158299 -0.476063132286
   214    101 -0.070654429495 -0.422185659409
   230    101 -0.090467125177 -0.311986267567
   246    101 0.224482715130 -0.222510516644
   262    101 0.351922392845 -0.563731074333
   278    101 0.471356272697 -0.477775573730
   294    101 0.403089344501 0.224167183042
   310    101 0.593477189541 0.260625302792
   326    101 0.491836965084 -0.155432686210
   342    101 -0.238860696554 -0.502142548561
   358    101 -0.572113513947 -0.434698551893
   374    101 -0.773931384087 0.253409475088
   390    101 -0.396371871233 0.472551941872
   406    101 0.234527319670 -0.019848451018
   422    101 0.507322430611 -0.258471339941
   438    101 0.351487338543 -0.307840853930
   454    101 -0.128126859665 -0.509772717953
   470    101 -0.547326803207 -0.265947490931
   486    101 -0.387953996658 -0.528242230415
   502    101 -0.180334717035 -1.116553306580
   518    101 0.017336487770 -1.941362619400
    22    117 1.989801049232 0.775210797787
    38    117 1.311298847198 0.772668302059
    54    117 0.867315351963 0.193490743637
    70    117 0.776660203934 0.162257313728
    86    117 1.336163520813 0.407205998898
   102    117 1.610805392265 0.553881108761
   118    117 0.855104804039 0.216304838657
   134    117 -0.231630980968 -0.057361960411
   150    117 -0.314626336098 0.373139619827
   166    117 -0.913493096828 0.068033725023
   182    117 -0.716393113136 -0.900041460991
   198    117 0.500857949257 -1.043484568596
   214    117 0.644806802273 -0.709146976471
   230    117 0.504128456116 -0.481095492840
   246    117 1.055845260620 -0.439724981785
   262    117 1.012892246246 -0.712272286415
   278    117 0.538281679153 -0.178376600146
   294    117 0.076351404190 0.391927659512
   310    117 -0.105454146862 0.353452444077
   326    117 -0.524799823761 0.937943220139
   342    117 -0.990584492683 0.238254502416
   358    117 -0.964321792126 -0.503086090088
   374    117 -0.493141174316 -0.063972219825
   390    117 -0.321156919003 0.089916110039
   406    117 0.184419363737 -0.189245417714
   422    117 0.660339832306 -0.126218229532
   438    117 0.548263907433 0.004953354597
   454    117 -0.053186506033 -0.462009906769
   470    117 -0.391518920660 -0.523309588432
   486    117 -0.243464767933 -0.787099361420
   502    117 -0.203826785088 -1.010205030441
   518    117 -0.291611611843 -1.188096165657
    22    133 2.061241865158 1.225644111633
    38    133 1.387058496475 1.086742162704
    54    133 0.560172677040 0.576675951481
    70    133 -0.096164554358 0.542189836502
    86    133 0.292838186026 0.708713650703
   102    133 0.605983495712 0.340237706900
   118    133 0.187235683203 0.525876045227
   134    133 -0.686717867851 0.874693274498
   150    133 -1.028628587723 0.658775269985
   166    133 -1.156993508339 -0.260515928268
   182    133 -1.198597908020 -1.688265562057
   198    133 -0.159867435694 -1.536987781525
   214    133 0.772873580456 -1.166122913361
   230    133 1.465916872025 -0.795022904873
   246    133 1.924103975296 -0.389551103115
   262    133 1.642579317093 -0.213523417711
   278    133 0.568406581879 0.406603246927
   294    133 -0.566024184227 0.565885722637
   310    133 -1.421916723251 0.495906531811
   326    133 -1.296679019928 1.370334863663
   342    133 -1.383031010628 0.651887178421
   358    133 -1.122844696045 -0.999119818211
   374    133 -0.290830910206 -0.652978062630
   390    133 -0.209604799747 -0.265586107969
   406    133 0.032093495131 -0.409053891897
   422    133 0.518792927265 -0.121753990650
   438    133 0.553943395615 0.007073819637
   454    133 0.204299584031 -0.499949395657
   470    133 -0.198586627841 -0.792710781097
   486    133 -0.319755703211 -0.878242969513
   502    133 -0.494347512722 -0.865867614746
   518    133 -0.644517064095 -0.485250711441
    22    149 2.263569355011 0.475829958916
    38    149 1.160932064056 1.006053090096
    54    149 0.065720051527 0.945794820786
    70    149 -0.849964737892 0.953246176243
    86    149 -0.582959949970 0.992617249489
   102    149 -0.635159373283 0.325374543667
   118    149 -1.412196516991 0.578063011169
   134    149 -1.674800515175 1.683772325516
   150    149 -1.275463581085 0.861348092556
   166    149 -0.820911765099 -0.772934556007
   182    149 -0.468043953180 -1.502545356750
   198    149 -0.023092061281 -1.473229885101
   214    149 0.539040327072 -1.384548068047
   230    149 1.085906982422 -0.914891123772
   246    149 1.632757425308 -0.084480494261
   262    149 1.219419717789 0.631178736687
   278    149 0.232551276684 1.106145024300
   294    149 -1.164785146713 0.770232915878
   310    149 -2.455696582794 0.328932166100
   326    149 -1.780167102814 0.768191099167
   342    149 -1.571915507317 0.176441431046
   358    149 -0.851370096207 -1.391520977020
   374    149 -0.184790015221 -0.787596106529
   390    149 -0.299254924059 -0.163308262825
   406    149 -0.026519641280 -0.496381968260
   422    149 0.309477955103 -0.542562484741
   438    149 0.229081213474 -0.442039698362
   454    149 -0.023137032986 -0.568618416786
   470    149 -0.262228369713 -0.769187331200
   486    149 -0.460092306137 -1.001574516296
   502    149 -0.584647715092 -1.087595224380
   518    149 -0.619352698326 -0.637766599655
    22    165 1.909721851349 -1.035466670990
    38    165 0.962478518486 1.533910989761
    54    165 0.031465530396 1.291505455971
    70    165 -1.477531194687 0.942997813225
    86    165 -1.144068002701 1.063292145729
   102    165 -0.932645738125 0.675679504871
   118    165 -1.246301174164 0.813745975494
   134    165 -1.129229307175 1.702339410782
   150    165 -0.617954373360 1.236460208893
   166    165 -0.053828060627 -0.966991603374
   182    165 -0.096740931273 -1.745503664017
   198    165 0.151792585850 -1.412458658218
   214    165 0.131099492311 -1.059061646461
   230    165 -0.205684259534 -0.544504404068
   246    165 -0.719828128815 0.127120882273
   262    165 -0.402715355158 1.090645432472
   278    165 -0.285996496677 1.467834711075
   294    165 -0.720624625683 1.508683443069
   310    165 -1.415501594543 1.051129341125
   326    165 -1.096742868423 1.017852544785
   342    165 -0.593907952309 0.701165914536
   358    165 0.022377490997 -1.038834810257
   374    165 0.233214154840 -1.152259826660
   390    165 -0.023121181875 -0.128856122494
   406    165 -0.053330123425 -0.596509754658
   422    165 0.078790754080 -1.067896604538
   438    165 -0.098456256092 -0.661546766758
   454    165 -0.478573858738 -0.469664037228
   470    165 -0.672246932983 -0.848523437977
   486    165 -0.470566570759 -1.280774116516
   502    165 -0.244102895260 -1.282915115356
   518    165 -0.610900878906 -0.755120038986
    22    181 0.293264567852 -0.799502968788
    38    181 0.648998379707 1.199913263321
    54    181 0.549244403839 1.413327097893
    70    181 -0.490646302700 1.497393846512
    86    181 -1.373701691628 1.276547551155
   102    181 -1.104784727097 1.011244535446
   118    181 -0.261127620935 0.979315936565
   134    181 0.732217848301 0.751694560051
   150    181 1.031628608704 0.213450044394
   166    181 0.563007950783 -0.464363157749
   182    181 -0.267687469721 -0.617434263229
   198    181 -0.691708326340 -0.780747592449
   214    181 -1.008350610733 -0.734105467796
   230    181 -1.320095539093 -0.184052675962
   246    181 -1.651857256889 0.706294715405
   262    181 -1.131265640259 1.080579519272
   278    181 -0.312232822180 1.163470625877
   294    181 0.110575258732 1.484824419022
   310    181 0.083789139986 1.644565105438
   326    181 0.390168696642 1.701708197594
   342    181 1.096882104874 1.772362709045
   358    181 1.523092985153 0.734327912331
   374    181 1.000397562981 -0.517410337925
   390    181 0.102511703968 -0.554546475410
   406    181 -0.229541033506 -0.729084372520
   422    181 -0.417274355888 -1.005039572716
   438    181 -0.506858050823 -0.381518661976
   454    181 -0.167086526752 0.120965123177
   470    181 -0.473948299885 -0.844752013683
   486    181 -0.022585809231 -1.737877368927
   502    181 -0.139407575130 -1.508939385414
   518    181 -1.341926693916 -0.966219186783
    22    197 -0.837204217911 -0.188539385796
    38    197 0.104243695736 0.999910473824
    54    197 0.457471102476 1.584332823753
    70    197 0.188672944903 1.744727730751
    86    197 -0.777623534203 1.120924353600
   102    197 -1.085174560547 0.968001604080
   118    197 -0.253712952137 0.645042955875
   134    197 1.122724056244 -0.314218580723
   150    197 1.817247629166 -0.260845810175
   166    197 0.714658975601 0.416803658009
   182    197 -0.636489748955 0.675498306751
   198    197 -1.194470167160 -0.030559182167
   214    197 -1.394793748856 -0.547676920891
   230    197 -1.106552362442 -0.009413421154
   246    197 -0.699116468430 1.231829166412
   262    197 -0.059064537287 1.441103935242
   278    197 0.356768101454 0.548717021942
   294    197 0.469251215458 0.841478049755
   310    197 0.524007797241 1.483746290207
   326    197 1.419301986694 2.047592163086
   342    197 2.391917228699 2.214427947998
   358    197 2.003933429718 1.491804003716
   374    197 0.465950697660 0.251185148954
   390    197 -0.551450014114 -0.294033527374
   406    197 -0.951601624489 -0.735023856163
   422    197 -0.886508047581 -0.835883021355
   438    197 -0.631073653698 -0.218168109655
   454    197 0.077920883894 0.764997601509
   470    197 1.100000739098 0.650592625141
   486    197 0.787864506245 -1.110638260841
   502    197 -0.381853580475 -1.344996452332
   518    197 -1.650723576546 -1.678664922714
    22    213 -1.144397616386 -0.280724763870
    38    213 -0.363980889320 0.792320907116
    54    213 0.131725564599 1.294960618019
    70    213 0.269441217184 1.603130340576
    86    213 -0.005256459117 0.943084776402
   102    213 -0.038324397057 0.556880950928
   118    213 0.337744563818 -0.287855595350
   134    213 1.205065131187 -1.426860570908
   150    213 2.088997364044 -0.705459356308
   166    213 1.289559245110 0.493348658085
   182    213 0.066438615322 0.804444193840
   198    213 -0.260428488255 0.149477332830
   214    213 -0.447191029787 -0.686237096786
   230    213 -0.321316897869 -0.393403559923
   246    213 0.370003521442 0.677545905113
   262    213 1.264440774918 1.192786693573
   278    213 1.140889883041 0.188477277756
   294    213 0.185005754232 0.189693689346
   310    213 -0.142050236464 0.799886584282
   326    213 0.239294350147 1.496318340302
   342    213 1.316616773605 2.124309301376
   358    213 0.315886586905 1.543283343315
   374    213 -0.602928936481 0.652977287769
   390    213 -1.122233867645 -0.055980801582
   406    213 -1.302144765854 -0.786298096180
   422    213 -0.943853616714 -0.689272463322
   438    213 -0.518249511719 -0.086260259151
   454    213 -0.001784384251 0.350976347923
   470    213 0.935044407845 0.230467483401
   486    213 1.220407724380 -0.473887324333
   502    213 -0.373356103897 -0.907723784447
   518    213 -2.618584394455 -1.894286632538
    22    229 -1.498233318329 -0.392404079437
    38    229 -0.883458316326 0.269524812698
    54    229 -0.008739829063 1.005190610886
    70    229 0.763481438160 2.224046707153
    86    229 0.432220458984 1.097516894341
   102    229 0.469197988510 -0.187220215797
   118    229 0.934131026268 -1.308735609055
   134    229 1.350816011429 -1.610840678215
   150    229 2.219098091125 -0.952799320221
   166    229 1.877461314201 -0.200974225998
   182    229 0.699503183365 0.521687269211
   198    229 0.504302263260 0.329181343317
   214    229 0.453456193209 -0.480307579041
   230    229 0.479788631201 -0.752869129181
   246    229 0.775915563107 -0.148591712117
   262    229 1.604314088821 0.740425825119
   278    229 2.126778125763 0.660510778427
   294    229 -0.070017337799 0.148036956787
   310    229 -0.854714155197 0.271652936935
   326    229 -1.190399765968 1.233901262283
   342    229 -0.965350091457 2.052373886108
   358    229 -0.967206478119 1.679955363274
   374    229 -1.072741270065 0.817640304565
   390    229 -1.064604520798 0.270865082741
   406    229 -1.377439498901 -0.354289650917
   422    229 -0.813783228397 -0.391025900841
   438    229 -0.165306270123 0.343209028244
   454    229 0.474290132523 0.299120575190
   470    229 0.860230207443 -0.182321518660
   486    229 0.522946119308 -0.303054451942
   502    229 -1.207060337067 -0.514631986618
   518    229 -1.782601356506 -1.177870750427
    22    245 -2.295058965683 0.362361431122
    38    245 -1.251867532730 0.157418847084
    54    245 -0.438068479300 1.137958168983
    70    245 0.212564826012 2.078527450562
    86    245 0.647274792194 1.642791748047
   102    245 0.640600740910 -0.001014292240
   118    245 0.870819926262 -1.108657121658
   134    245 1.076461434364 -1.517879009247
   150    245 1.453420162201 -1.370506525040
   166    245 1.241024971008 -0.545634269714
   182    245 0.681535005569 0.387581020594
   198    245 0.611698150635 0.743726611137
   214    245 0.617770195007 0.301764458418
   230    245 0.552008688450 -0.336754620075
   246    245 0.587639927864 -0.092300884426
   262    245 0.887042522430 0.566595315933
   278    245 0.443602681160 0.841754972935
   294    245 -0.087483882904 0.458868235350
   310    245 -0.730787575245 0.479111075401
   326    245 -1.200915098190 1.287622690201
   342    245 -1.167533516884 1.975280642509
   358    245 -1.209249377251 1.783465862274
   374    245 -1.062760472298 1.233469724655
   390    245 -0.946600615978 1.240619540215
   406    245 -1.487294554710 0.854184210300
   422    245 -0.753912448883 0.268706679344
   438    245 0.062271982431 0.424563258886
   454    245 0.381800889969 0.313626617193
   470    245 -0.094640880823 -0.449990004301
   486    245 -1.036532640457 -0.548060178757
   502    245 -2.278038978577 -0.722208142281
   518    245 -1.522159337997 -1.124693632126
    22    261 -1.618491053581 0.610480308533
    38    261 -0.736324369907 0.163088560104
    54    261 -0.200413718820 0.866901993752
    70    261 -0.217930614948 1.725016117096
    86    261 0.298394620419 1.988737225533
   102    261 1.318240046501 1.483561635017
   118    261 1.040978670120 0.259481847286
   134    261 0.862224578857 -0.904220342636
   150    261 0.675549745560 -1.529554009438
   166    261 0.744512498379 -0.980427503586
   182    261 0.643082618713 0.209753453732
   198    261 0.916234076023 0.848987102509
   214    261 0.885792493820 0.661030173302
   230    261 0.359604626894 0.111588150263
   246    261 -0.249262958765 -0.043677240610
   262    261 -0.566109299660 0.486691355705
   278    261 -0.768166065216 0.665896117687
   294    261 -0.474124103785 0.024739816785
   310    261 -0.108371555805 0.144672572613
   326    261 -0.155414462090 1.463565826416
   342    261 -0.575286865234 2.401288509369
   358    261 -0.670277357101 2.151228189468
   374    261 -0.824658334255 1.788777589798
   390    261 -0.743892669678 1.872229099274
   406    261 -0.650789082050 1.640450119972
   422    261 -0.531657218933 0.703806638718
   438    261 -0.471726655960 0.151389241219
   454    261 -0.818859457970 -0.094817817211
   470    261 -0.993487775326 -0.614853024483
   486    261 -1.230678796768 -0.517146468163
   502    261 -1.006085395813 -0.597431778908
   518    261 -0.505837798119 -1.474001884460
    22    277 -0.530949413776 0.146327555180
    38    277 0.155454158783 -0.009424954653
    54    277 1.226936101913 -0.236310392618
    70    277 0.699277997017 1.121236801147
    86    277 0.244579970837 1.875627040863
   102    277 1.484607219696 2.094487667084
   118    277 1.662002563477 1.216850638390
   134    277 0.911985456944 -0.584953308105
   150    277 0.603599309921 -1.476731300354
   166    277 0.249239563942 -1.260459899902
   182    277 0.188976645470 0.189223319292
   198    277 0.722740530968 0.818266510963
   214    277 0.661985158920 0.933663427830
   230    277 -0.101149082184 0.613094925880
   246    277 -1.054853200912 -0.100584059954
   262    277 -1.770999431610 -0.203004598618
   278    277 -1.363988637924 0.670042157173
   294    277 -0.151332974434 -0.780024349689
   310    277 0.238129094243 -0.254889428616
   326    277 0.101266011596 2.029368877411
   342    277 -0.118084207177 2.606994628906
   358    277 -0.188913106918 2.816851615906
   374    277 -0.555125176907 2.254287719727
   390    277 -0.529294431210 1.818627476692
   406    277 -0.114650964737 1.607067227364
   422    277 0.015823632479 1.071910381317
   438    277 -0.743347465992 0.239556223154
   454    277 -1.173249244690 -0.337944030762
   470    277 -1.050558567047 -0.777198553085
   486    277 -0.670321106911 -0.735876202583
   502    277 0.223922967911 -0.811159789562
   518    277 1.003651142120 -1.241406559944
    22    293 0.250271916389 -0.372103214264
    38    293 0.839038133621 -1.076192259789
    54    293 1.369396805763 -1.375239729881
    70    293 1.088972568512 0.480217754841
    86    293 0.362948834896 1.483128309250
   102    293 0.506120324135 1.812589406967
   118    293 1.497723460197 1.164274454117
   134    293 0.966559946537 0.078562557697
   150    293 0.473802626133 -0.627880930901
   166    293 -0.133045181632 -0.430402934551
   182    293 -0.221847400069 0.378518462181
   198    293 0.224145889282 0.745722591877
   214    293 0.314696729183 1.159609317780
   230    293 -0.403836786747 1.108468651772
   246    293 -1.096260309219 -0.126047879457
   262    293 -1.450971007347 -1.683080434799
   278    293 -0.470207273960 -1.144530415535
   294    293 0.215208828449 -1.071294784546
   310    293 0.515207409859 -0.399436622858
   326    293 0.394974708557 0.994742453098
   342    293 0.190597131848 3.180469989777
   358    293 0.298112452030 3.287191867828
   374    293 -0.166839629412 1.905680298805
   390    293 -0.327405542135 0.716017007828
   406    293 -0.133952796459 1.272507548332
   422    293 0.093544572592 1.243232488632
   438    293 -0.479099243879 0.264957010746
   454    293 -0.616422474384 -0.289040863514
   470    293 -0.186733797193 -0.441062331200
   486    293 0.350772440434 -0.875785112381
   502    293 0.831850469112 -0.904502630234
   518    293 0.863759994507 -0.353045940399
    22    309 1.544618129730 -1.834836483002
    38    309 1.818132162094 -2.540340900421
    54    309 1.493932962418 -2.119067907333
    70    309 1.231927871704 -0.787495136261
    86    309 0.556538105011 0.957249403000
   102    309 0.409950166941 0.753865242004
   118    309 0.158885121346 0.193176388741
   134    309 -0.267671346664 0.069620594382
   150    309 -0.519219040871 -0.177653998137
   166    309 -0.568766713142 0.002556502819
   182    309 -0.566687643528 0.493451029062
   198    309 -0.512191712856 0.624059677124
   214    309 -0.216471552849 1.168932676315
   230    309 -0.028649210930 1.335968494415
   246    309 -1.009477376938 -0.828181564808
   262    309 -1.117964625359 -2.803128242493
   278    309 -0.574450552464 -2.207123279572
   294    309 0.007851600647 -1.459004402161
   310    309 0.001068860292 -0.738227009773
   326    309 0.273781538010 -0.676510453224
   342    309 0.445099860430 0.675084114075
   358    309 0.690083980560 2.076247215271
   374    309 -0.550883412361 -1.380536794662
   390    309 -0.001624286175 -1.461453199387
   406    309 -0.210419774055 0.623811602592
   422    309 -0.180456876755 0.636100411415
   438    309 0.092148005962 0.010084539652
   454    309 0.705678582191 -0.043139711022
   470    309 1.818525552750 0.286492943764
   486    309 2.061157226562 -0.576680421829
   502    309 1.145132303238 -1.116748809814
   518    309 -0.913837909698 -0.493260174990
