    22     21 -0.542393624783 0.699057579041
    38     21 -0.912870645523 -0.741591989994
    54     21 -0.684626698494 -1.075617074966
    70     21 -0.413670361042 -0.469668149948
    86     21 0.273738503456 -0.149871647358
   102     21 1.008923411369 -0.089093148708
   118     21 1.149009585381 -0.185771584511
   134     21 0.711384832859 -0.864557385445
   150     21 0.231792837381 -1.428818464279
   166     21 0.041529461741 -1.482089638710
   182     21 0.173690065742 -1.330818533897
   198     21 0.303958237171 -0.531978249550
   214     21 -0.089886844158 0.077432215214
   230     21 -0.503776371479 0.093431711197
   246     21 -0.912273764610 0.173892855644
   262     21 -0.805373668671 0.510111570358
   278     21 -0.233492612839 0.790764808655
   294     21 0.013570964336 1.201443910599
   310     21 -0.117757827044 1.494908571243
   326     21 -0.343484044075 1.423899173737
   342     21 -0.565967023373 0.389215469360
   358     21 -0.555054605007 -1.112146615982
   374     21 -0.270239591599 -1.458967924118
   390     21 0.098879426718 -1.224048614502
   406     21 0.062717020512 -1.329021096230
   422     21 0.138622015715 -1.698152780533
   438     21 0.566505551338 -1.858015418053
   454     21 1.493693590164 -1.195035219193
   470     21 2.072793960571 -1.302751302719
   486     21 2.074373483658 -1.337990283966
   502     21 1.789755105972 -0.493703603745
   518     21 1.123758316040 -0.050430059433
    22     37 -1.510722875595 -1.550756931305
    38     37 -1.425942659378 -1.283172845840
    54     37 -1.292146682739 -0.474524438381
    70     37 -1.051567554474 0.110430002213
    86     37 -0.098911121488 -0.128890857100
   102     37 0.630488932133 -0.456928551197
   118     37 0.743673086166 -0.426908046007
   134     37 0.666570425034 -0.454937577248
   150     37 0.380383819342 -0.815805077553
   166     37 0.205200642347 -1.217121481895
   182     37 0.449424713850 -1.515651464462
   198     37 0.826439738274 -1.483752727509
   214     37 0.715754151344 -1.109785676003
   230     37 0.060756862164 -0.311801612377
   246     37 -0.564881026745 0.367092549801
   262     37 -0.429726898670 0.942921698093
   278     37 0.052975609899 0.838443756104
   294     37 0.097402557731 0.759360194206
   310     37 0.160263121128 0.765137255192
   326     37 0.429879367352 0.646538496017
   342     37 0.502723455429 0.097000300884
   358     37 0.658854603767 -0.512521624565
   374     37 0.906078934669 -0.324064612389
   390     37 1.144065856934 0.060677021742
   406     37 0.962778031826 -0.394465565681
   422     37 0.782054483891 -1.020646691322
   438     37 1.184416294098 -1.821534395218
   454     37 1.605760931969 -1.890777111053
   470     37 1.419120192528 -1.638364315033
   486     37 0.707655072212 -1.376394987106
   502     37 0.591616928577 -0.725759983063
   518     37 0.578702270985 -0.254678964615
    22     53 -1.309102535248 -2.179813385010
    38     53 -1.806706666946 -0.848301887512
    54     53 -1.763033390045 0.147396951914
    70     53 -1.076630949974 0.692619502544
    86     53 -0.037890791893 0.390428066254
   102     53 0.448526144028 -0.260206878185
   118     53 0.392386913300 -0.471479773521
   134     53 0.444567322731 -0.129197210073
   150     53 0.586109459400 -0.198407679796
   166     53 0.354327142239 -0.815441489220
   182     53 0.323222994804 -1.763314247131
   198     53 0.714248597622 -2.011565208435
   214     53 0.780901610851 -0.940585196018
   230     53 0.465784579515 -0.118097722530
   246     53 0.062325038016 0.482215166092
   262     53 0.059284985065 0.798712193966
   278     53 0.312855362892 0.620110571384
   294     53 0.486845433712 0.619115471840
   310     53 0.878417134285 0.552532613277
   326     53 1.423497200012 0.485741406679
   342     53 1.312740802765 0.168474778533
   358     53 1.098164319992 -0.124731093645
   374     53 1.189869761467 0.181008785963
   390     53 1.635190725327 0.518799841404
   406     53 1.023132562637 0.074012637138
   422     53 0.588494420052 -0.769851326942
   438     53 0.754121720791 -1.646726846695
   454     53 0.832316577435 -1.762669324875
   470     53 0.272642970085 -1.268806099892
   486     53 -0.275345087051 -1.380784273148
   502     53 -0.264434188604 -1.097799420357
   518     53 -0.345239222050 -0.461016416550
    22     69 -0.535165131092 -1.765582561493
    38     69 -0.801673233509 -0.600328326225
    54     69 -0.941996634007 0.206865310669
    70     69 -0.629052340984 0.820823609829
    86     69 -0.249752387404 0.627837538719
   102     69 0.076575115323 -0.043218344450
   118     69 0.178296864033 -0.397869616747
   134     69 0.355476975441 -0.143906950951
   150     69 0.801605701447 0.181358456612
   166     69 1.213943839073 -0.295563995838
   182     69 1.006782054901 -1.822726726532
   198     69 0.121503144503 -1.351733565331
   214     69 -0.525719404221 -0.384084343910
   230     69 -0.177142024040 -0.068616271019
   246     69 0.301958709955 0.277351200581
   262     69 0.349387645721 0.261603146791
   278     69 0.426347523928 0.334973275661
   294     69 0.943587422371 0.603403747082
   310     69 1.947908163071 0.604584455490
   326     69 2.061616182327 0.844811558723
   342     69 1.720696210861 0.598887503147
   358     69 1.025125026703 0.129612982273
   374     69 1.186691045761 0.177126765251
   390     69 1.771524786949 0.589057922363
   406     69 1.382533550262 0.496972680092
   422     69 0.639395296574 -0.368360459805
   438     69 0.278396010399 -0.674831688404
   454     69 -0.196011632681 -0.519346415997
   470     69 -0.630313277245 -0.508886575699
   486     69 -0.828052401543 -0.957347273827
   502     69 -0.892592310905 -0.897175312042
   518     69 -0.944763898849 -0.940962553024
    22     85 0.286692619324 -0.916034936905
    38     85 -0.074993759394 -0.121065318584
    54     85 -0.275359809399 0.420048832893
    70     85 -0.125826060772 0.652383387089
    86     85 -0.156406641006 0.658503532410
   102     85 0.110031187534 0.152302861214
   118     85 0.604131340981 -0.418796926737
   134     85 0.637133657932 -0.474343538284
   150     85 0.828030645847 -0.024001955986
   166     85 1.351099967957 -0.319228202105
   182     85 1.418921947479 -1.076660633087
   198     85 0.736134886742 -0.735213756561
   214     85 -0.085101485252 -0.541906476021
   230     85 -0.448455810547 -0.215302973986
   246     85 -0.179093211889 0.167390704155
   262     85 0.191382586956 0.089851498604
   278     85 0.479490458965 0.289955615997
   294     85 0.902976870537 0.599606692791
   310     85 1.312941312790 0.708087384701
   326     85 1.162354946136 1.218639731407
   342     85 0.391613781452 1.142720460892
   358     85 0.152493119240 0.237147271633
   374     85 0.417101532221 0.088014543056
   390     85 0.664180755615 0.269355207682
   406     85 0.688086628914 0.490571975708
   422     85 0.434391200542 0.064206793904
   438     85 0.064796082675 -0.298549890518
   454     85 -0.374370038509 -0.190616905689
   470     85 -0.788835227489 -0.303996026516
   486     85 -1.187172055244 -0.600532531738
   502     85 -1.223346710205 -0.753518700600
   518     85 -1.186523795128 -1.408454418182
    22    101 0.351009041071 0.005477786064
    38    101 0.084336727858 0.482101500034
    54    101 0.014190286398 0.693597078323
    70    101 0.372058600187 0.598024487495
    86    101 0.526477336884 0.598540842533
   102    101 0.704605638981 0.429327338934
   118    101 0.777003884315 -0.147665381432
   134    101 0.328192740679 -0.631168782711
   150    101 0.331252366304 -0.663420438766
   166    101 0.623478889465 -0.398242235184
   182    101 0.800207316875 -0.339583724737
   198    101 0.712057769299 -0.114401534200
   214    101 0.075383275747 -0.171543464065
   230    101 -0.526507437229 -0.140315994620
   246    101 -0.326588213444 0.189618125558
   262    101 0.084202542901 0.187401205301
   278    101 0.447741895914 0.304070115089
   294    101 0.732118964195 0.475931525230
   310    101 0.792696952820 0.841575801373
   326    101 0.277922034264 1.281266212463
   342    101 -0.116010129452 1.011357069016
   358    101 -0.395967841148 0.332568138838
   374    101 -0.571333527565 0.110359877348
   390    101 -0.497683823109 0.088586151600
   406    101 -0.307252854109 0.283490300179
   422    101 -0.048835486174 -0.007866114378
   438    101 0.074323132634 -0.520138621330
   454    101 -0.010817572474 -0.445558488369
   470    101 -0.503004133701 -0.519393503666
   486    101 -1.038541793823 -1.172947406769
   502    101 -0.755014002323 -1.384683012962
   518    101 -0.677203238010 -1.797037839890
    22    117 0.051663964987 0.366560846567
    38    117 0.295401245356 0.875614583492
    54    117 0.331471920013 0.636088907719
    70    117 0.538542151451 0.459587633610
    86    117 0.931008815765 0.731717944145
   102    117 0.914153099060 1.100496172905
   118    117 0.325885266066 0.413688778877
   134    117 -0.124911352992 -0.294526934624
   150    117 -0.233021199703 -0.690664470196
   166    117 -0.344050973654 -0.398016512394
   182    117 -0.102474972606 -0.076230138540
   198    117 -0.072721578181 -0.079554945230
   214    117 -0.512298524380 -0.013352870941
   230    117 -0.616681635380 0.151826620102
   246    117 -0.045162945986 -0.011391863227
   262    117 -0.031895130873 0.110088706017
   278    117 0.071366891265 0.185659140348
   294    117 0.307334899902 0.145104587078
   310    117 0.047394827008 0.695412874222
   326    117 0.025206685066 1.633380293846
   342    117 0.079057037830 0.890985727310
   358    117 -0.365151107311 0.455835878849
   374    117 -0.353045552969 0.322474032640
   390    117 -0.315221071243 0.170297026634
   406    117 -0.007240414619 0.296991258860
   422    117 0.182480424643 -0.320557087660
   438    117 0.377907961607 -0.708635747433
   454    117 0.369523048401 -0.381764233112
   470    117 -0.022904805839 -0.620930373669
   486    117 -0.572399020195 -1.753435850143
   502    117 -0.167104825377 -1.923224806786
   518    117 0.587598860264 -1.893115162849
    22    133 -0.372099220753 0.070600241423
    38    133 0.885658442974 0.760892033577
    54    133 0.953533709049 0.786249458790
    70    133 0.325994282961 0.474637746811
    86    133 -0.164471864700 0.593102991581
   102    133 0.302646905184 0.850194990635
   118    133 0.233287498355 0.336684346199
   134    133 0.004294231534 -0.229226231575
   150    133 -0.495109647512 -0.534171104431
   166    133 -0.982451379299 -0.520515203476
   182    133 -0.679170966148 -0.443349838257
   198    133 -0.305167973042 -0.496856808662
   214    133 -0.016031663865 -0.401923507452
   230    133 0.309445500374 -0.295727968216
   246    133 0.564204871655 -0.321531176567
   262    133 0.180380940437 -0.355791538954
   278    133 -0.086335435510 -0.236925125122
   294    133 -0.040517121553 -0.193947434425
   310    133 -0.290451526642 0.131519109011
   326    133 0.014207605273 0.855557203293
   342    133 0.191563665867 0.680356919765
   358    133 -0.190049946308 0.458509981632
   374    133 0.230225041509 0.394002765417
   390    133 0.644548833370 0.034325838089
   406    133 0.708211541176 -0.117756932974
   422    133 0.691509604454 -0.558393895626
   438    133 0.868741393089 -0.688982665539
   454    133 0.870204210281 -0.026622116566
   470    133 0.374391138554 -0.309125542641
   486    133 0.090351760387 -1.445579171181
   502    133 0.357607752085 -2.332661628723
   518    133 1.073185563087 -1.777862071991
    22    149 -0.562405586243 -0.635224282742
    38    149 0.864023804665 0.173992574215
    54    149 1.171934127808 1.022689580917
    70    149 0.130648165941 0.999282300472
    86    149 -0.533006548882 0.370784878731
   102    149 -0.521651983261 0.075209021568
   118    149 -0.375352948904 0.087828293443
   134    149 -0.442308783531 -0.055497109890
   150    149 -0.775355815887 -0.351670056581
   166    149 -1.107614517212 -0.705742359161
   182    149 -0.610895872116 -0.939230322838
   198    149 0.035586655140 -0.897180259228
   214    149 0.281224846840 -0.683944344521
   230    149 0.505581736565 -0.429670125246
   246    149 0.754499912262 -0.260934382677
   262    149 0.425450116396 -0.579640388489
   278    149 0.149441510439 -0.313316494226
   294    149 -0.014082640409 -0.097663640976
   310    149 -0.148707538843 0.129997134209
   326    149 -0.057552203536 0.503769755363
   342    149 -0.004486769438 0.461108833551
   358    149 0.088563591242 0.247100770473
   374    149 0.523313760757 0.099363289773
   390    149 0.740993022919 -0.030217915773
   406    149 0.764195859432 -0.300154924393
   422    149 0.874042928219 -0.545188009739
   438    149 0.867223203182 -0.418342381716
   454    149 1.069911360741 0.470308005810
   470    149 0.921982169151 -0.033428311348
   486    149 0.655079007149 -1.214658260345
   502    149 0.716961503029 -1.643078088760
   518    149 0.317180097103 -0.846783399582
    22    165 -0.908607959747 -0.942987203598
    38    165 0.186143830419 -0.437861144543
    54    165 0.572826683521 1.496494054794
    70    165 0.419938683510 1.500764608383
    86    165 -0.013386696577 0.796593904495
   102    165 -0.421871602535 0.556148886681
   118    165 -1.083131313324 0.096728265285
   134    165 -1.084986805916 0.174178898335
   150    165 -0.953069031239 -0.243084788322
   166    165 -1.005782246590 -0.738070487976
   182    165 -0.503593802452 -1.078869819641
   198    165 -0.050591439009 -1.017080307007
   214    165 0.045958288014 -0.617733776569
   230    165 0.174631789327 -0.407633662224
   246    165 0.234092503786 -0.401244282722
   262    165 0.379909276962 -0.648176789284
   278    165 0.621982872486 -0.314317464828
   294    165 0.232213631272 0.157607227564
   310    165 -0.011570528150 0.511742949486
   326    165 0.190053552389 0.737509071827
   342    165 0.445778369904 0.370788753033
   358    165 0.640353620052 -0.165040075779
   374    165 0.548050761223 -0.278537392616
   390    165 0.513280093670 -0.026435196400
   406    165 0.645480930805 -0.241663932800
   422    165 0.620618939400 -0.428362607956
   438    165 0.402969598770 -0.090714871883
   454    165 0.487634211779 0.249933138490
   470    165 0.750006496906 -0.085113584995
   486    165 0.499127566814 -0.848727464676
   502    165 0.218946337700 -1.127153158188
   518    165 -0.595468521118 -1.021388292313
    22    181 -1.010006189346 -0.596101045609
    38    181 -0.237644687295 -0.631879806519
    54    181 0.215598225594 0.138027027249
    70    181 0.274941325188 0.479047536850
    86    181 0.188481301069 0.814395368099
   102    181 -0.294098377228 1.278194665909
   118    181 -1.023127317429 0.919353246689
   134    181 -1.069751739502 0.314472138882
   150    181 -0.841266155243 -0.178084611893
   166    181 -0.708401799202 -0.561224877834
   182    181 -0.088153749704 -0.837773263454
   198    181 0.055403292179 -0.782732248306
   214    181 -0.108283028007 -0.472992837429
   230    181 -0.023219384253 -0.488795936108
   246    181 0.023102536798 -0.665686249733
   262    181 0.253153234720 -0.819190084934
   278    181 0.549734532833 -0.694096863270
   294    181 0.350820839405 0.137935250998
   310    181 0.348273813725 0.758431375027
   326    181 0.922819197178 1.079561114311
   342    181 1.323658227921 0.476301193237
   358    181 0.789648413658 -0.018983364105
   374    181 0.351448655128 -0.159555986524
   390    181 0.216109901667 -0.114546775818
   406    181 0.235077708960 -0.271765530109
   422    181 0.229469060898 -0.323077082634
   438    181 0.123688220978 -0.086358442903
   454    181 0.298301100731 0.059491544962
   470    181 0.426296293736 -0.030083373189
   486    181 -0.054088294506 -0.578096985817
   502    181 -0.520706176758 -1.242522478104
   518    181 -0.718209326267 -1.590590953827
    22    197 -0.587012708187 0.167480066419
    38    197 -0.061685577035 -0.283847928047
    54    197 0.245839193463 -0.095302611589
    70    197 0.434362858534 -0.052752554417
    86    197 0.100048743188 0.628826022148
   102    197 -0.647323250771 1.519659042358
   118    197 -0.777871131897 1.334395885468
   134    197 -0.316441714764 0.505816161633
   150    197 -0.398529231548 -0.058240056038
   166    197 -0.252468466759 -0.480660498142
   182    197 0.173175677657 -0.581369400024
   198    197 0.081750169396 -0.430919587612
   214    197 -0.268819838762 -0.542932271957
   230    197 -0.242693245411 -0.882096946239
   246    197 -0.079621545970 -0.852193713188
   262    197 0.098217144608 -0.263531416655
   278    197 -0.007148265839 0.093803748488
   294    197 -0.012759357691 0.329654753208
   310    197 0.332936733961 0.777699112892
   326    197 1.035936832428 0.917422711849
   342    197 1.082813024521 0.677342474461
   358    197 0.450298458338 0.436775773764
   374    197 -0.112028777599 0.113941691816
   390    197 -0.272014915943 0.003331884742
   406    197 -0.060688301921 -0.222956672311
   422    197 -0.019370038062 -0.180807799101
   438    197 0.092691935599 -0.189091265202
   454    197 0.487624198198 -0.319451093674
   470    197 0.650723516941 0.268350362778
   486    197 0.184561222792 -0.380359709263
   502    197 -0.199770689011 -1.038380742073
   518    197 -0.454727828503 -1.793173074722
    22    213 -0.006217002869 0.575256228447
    38    213 0.075393371284 0.097099781036
    54    213 0.255140960217 0.164342269301
    70    213 0.289055258036 0.054771661758
    86    213 -0.208180069923 0.581805229187
   102    213 -0.255542814732 1.231248378754
   118    213 0.128391668200 0.764553546906
   134    213 0.224479854107 0.098837852478
   150    213 0.066254831851 -0.340378522873
   166    213 0.053401410580 -0.658064186573
   182    213 -0.028137534857 -0.425575166941
   198    213 -0.153178691864 -0.163319408894
   214    213 -0.084984354675 -0.735954105854
   230    213 -0.101630784571 -1.104465007782
   246    213 0.090755209327 -0.773366332054
   262    213 0.402093410492 0.006609767675
   278    213 0.167729020119 0.512585699558
   294    213 -0.196543321013 0.596591234207
   310    213 -0.140374958515 0.789190888405
   326    213 0.271531492472 0.634202837944
   342    213 0.503066897392 0.748179078102
   358    213 0.245631009340 0.626194119453
   374    213 -0.408822625875 0.136033028364
   390    213 -0.548808455467 0.249264493585
   406    213 -0.192716896534 0.125580355525
   422    213 -0.220992922783 0.091074049473
   438    213 -0.145034477115 -0.071433164179
   454    213 0.022429242730 -0.091079428792
   470    213 0.224255621433 0.103495836258
   486    213 0.070835471153 -0.458214581013
   502    213 0.045543573797 -0.861774921417
   518    213 0.088269025087 -1.385731339455
    22    229 0.290067493916 -0.012211263180
    38    229 0.162576258183 0.148086369038
    54    229 0.426131248474 0.440642118454
    70    229 0.405882775784 0.302322685719
    86    229 0.149257853627 0.458456426859
   102    229 0.474288612604 0.698815226555
   118    229 0.623138010502 0.043679937720
   134    229 0.683171153069 -0.716684699059
   150    229 0.644232153893 -0.981412470341
   166    229 0.642834424973 -0.694983422756
   182    229 0.231042861938 -0.340639382601
   198    229 0.332253336906 -0.319251090288
   214    229 0.474970281124 -0.567305803299
   230    229 0.221764758229 -0.583960175514
   246    229 0.154625117779 -0.407859563828
   262    229 0.281096339226 -0.125196337700
   278    229 0.230890393257 0.307838231325
   294    229 -0.077711805701 0.587021529675
   310    229 -0.285818248987 0.727890968323
   326    229 -0.192697256804 0.654081702232
   342    229 -0.031495943666 0.663237512112
   358    229 -0.198060750961 0.437739014626
   374    229 -0.621937036514 -0.066850662231
   390    229 -0.631372153759 0.375855326653
   406    229 -0.667627632618 0.452705800533
   422    229 -0.839511692524 0.293300509453
   438    229 -0.970072388649 0.167362958193
   454    229 -0.770831465721 0.069902181625
   470    229 -0.143346756697 0.071749940515
   486    229 0.101684920490 -0.443281501532
   502    229 0.253366917372 -0.626192688942
   518    229 0.329053163528 -0.669331848621
    22    245 -0.473361730576 -0.850061118603
    38    245 -0.067312583327 0.257269352674
    54    245 0.299735158682 0.506635665894
    70    245 0.167748153210 0.305960327387
    86    245 -0.257957011461 0.331695735455
   102    245 -0.107715159655 0.301187843084
   118    245 0.668062686920 -0.314436495304
   134    245 0.898994326591 -1.027009367943
   150    245 0.947136163712 -1.259907007217
   166    245 1.007193088531 -0.577619194984
   182    245 0.722249925137 -0.158846110106
   198    245 0.810944557190 -0.110892429948
   214    245 0.516044020653 -0.045671284199
   230    245 -0.030065760016 -0.009313106537
   246    245 -0.196129769087 -0.233256965876
   262    245 -0.366731524467 -0.280053377151
   278    245 -0.294705569744 0.243651643395
   294    245 -0.166193723679 0.814328551292
   310    245 -0.215227290988 0.923037827015
   326    245 -0.311592042446 0.826664447784
   342    245 -0.511352658272 0.498959511518
   358    245 -0.831620395184 0.152921020985
   374    245 -0.983623385429 -0.103874176741
   390    245 -1.007417440414 0.413457214832
   406    245 -1.253264188766 0.912671566010
   422    245 -1.268359899521 0.661445796490
   438    245 -0.808443784714 0.178774818778
   454    245 -0.521221160889 -0.101876810193
   470    245 -0.065374851227 -0.016318142414
   486    245 0.095057770610 -0.289276987314
   502    245 0.119071111083 -0.446672439575
   518    245 0.256588518620 -0.363577187061
    22    261 -1.352729439735 -0.533111929893
    38    261 -0.343879312277 0.457412749529
    54    261 0.106833606958 0.613072633743
    70    261 -0.213569402695 0.538052141666
    86    261 -0.523689985275 0.597751140594
   102    261 -0.296646296978 0.567866683006
   118    261 0.566839337349 -0.104613304138
   134    261 0.714709401131 -0.489842802286
   150    261 0.618021428585 -0.651113271713
   166    261 0.832034409046 -0.529769897461
   182    261 0.820077478886 -0.127067059278
   198    261 0.804182291031 0.293544828892
   214    261 0.545536637306 0.465071558952
   230    261 0.072666019201 0.128613591194
   246    261 -0.416702240705 -0.327869176865
   262    261 -1.046114683151 -0.472155928612
   278    261 -1.042317390442 0.109384477139
   294    261 -0.457354307175 0.974166572094
   310    261 -0.229299545288 1.356008291245
   326    261 -0.416004955769 1.092121839523
   342    261 -0.693763852119 0.288107782602
   358    261 -1.023616075516 -0.239991247654
   374    261 -0.962338268757 -0.303674638271
   390    261 -0.816074132919 0.067265793681
   406    261 -0.946678578854 0.662800908089
   422    261 -0.684828758240 0.405776321888
   438    261 -0.348325937986 0.006002537906
   454    261 -0.250227361917 -0.159237578511
   470    261 -0.054705470800 -0.134496510029
   486    261 -0.074197262526 -0.524323701859
   502    261 -0.016809612513 -0.808407962322
   518    261 0.346602529287 -0.669768929482
    22    277 -0.589961409569 -0.352644562721
    38    277 -0.230386793613 0.343868881464
    54    277 0.072683110833 0.785267353058
    70    277 0.098252564669 0.717170000076
    86    277 0.146474540234 0.554097354412
   102    277 0.684877514839 0.401701420546
   118    277 1.312283277512 -0.180759608746
   134    277 0.791159152985 -0.146177470684
   150    277 0.221991568804 -0.129827290773
   166    277 0.244639724493 -0.303025841713
   182    277 0.262205034494 0.017649382353
   198    277 0.252655774355 0.515242874622
   214    277 0.420368969440 0.593455433846
   230    277 0.394892871380 0.300876826048
   246    277 -0.459022879601 -0.069825649261
   262    277 -1.670993089676 -0.316790640354
   278    277 -1.676422119141 -0.098782449961
   294    277 -0.948542237282 0.494407236576
   310    277 -0.479922413826 1.073149561882
   326    277 -0.471465140581 0.819166660309
   342    277 -0.560491979122 0.097237765789
   358    277 -0.629116356373 -0.437702536583
   374    277 -0.465204477310 -0.341686576605
   390    277 -0.248436123133 0.042176485062
   406    277 -0.113369703293 0.515593945980
   422    277 -0.102890431881 0.247170075774
   438    277 -0.263689041138 -0.293650597334
   454    277 -0.298816800117 -0.333531498909
   470    277 -0.072801001370 -0.122147262096
   486    277 0.057367786765 -0.434688866138
   502    277 0.210397303104 -0.810086011887
   518    277 0.409994184971 -0.757048189640
    22    293 -0.680031478405 0.089556992054
    38    293 -0.240147858858 0.125206828117
    54    293 0.255504041910 0.386283785105
    70    293 0.588004529476 0.298580050468
    86    293 0.810994148254 0.100033074617
   102    293 1.602712750435 -0.122733533382
   118    293 1.724545598030 0.009720876813
   134    293 0.935287117958 0.233862653375
   150    293 -0.007655709982 0.233972907066
   166    293 -0.462042659521 0.151897490025
   182    293 -0.465657949448 0.324565023184
   198    293 -0.379435747862 0.455941587687
   214    293 -0.326671302319 0.248787939548
   230    293 -0.217850208282 0.379185438156
   246    293 -0.889802634716 0.684804677963
   262    293 -1.839703321457 0.235781461000
   278    293 -1.604222416878 -0.301626086235
   294    293 -1.338377237320 0.039153292775
   310    293 -0.856034278870 0.406647652388
   326    293 -0.358412921429 0.243065804243
   342    293 -0.208682626486 0.030231788754
   358    293 -0.218033343554 -0.190193921328
   374    293 -0.280093580484 -0.062760867178
   390    293 -0.187611490488 0.172910153866
   406    293 0.169018581510 0.654623448849
   422    293 0.738946199417 0.570910990238
   438    293 0.236952826381 -0.633265912533
   454    293 -0.318518340588 -0.496960043907
   470    293 -0.184439167380 0.185563683510
   486    293 0.277984172106 -0.044794917107
   502    293 0.853017151356 -0.414759933949
   518    293 0.939381122589 -0.818087697029
    22    309 -0.801300466061 1.454306602478
    38    309 -0.007191658020 -0.138575315475
    54    309 0.853493392467 -0.896988630295
    70    309 1.302830219269 -0.381712615490
    86    309 1.578319787979 -0.111759617925
   102    309 1.750938653946 0.342563867569
   118    309 0.997470438480 0.757516980171
   134    309 0.039211750031 0.785671114922
   150    309 -0.626673817635 0.728507220745
   166    309 -1.060175418854 0.567743062973
   182    309 -1.171962857246 0.538639485836
   198    309 -1.313640236855 0.285521686077
   214    309 -1.678863883018 -0.287569910288
   230    309 -1.787690758705 -0.184387400746
   246    309 -1.635796904564 0.413748323917
   262    309 -1.485701203346 0.484837800264
   278    309 -1.549043059349 0.045841544867
   294    309 -1.486787080765 -0.268359422684
   310    309 -0.828173935413 -0.341557979584
   326    309 -0.075500488281 -0.295166671276
   342    309 0.178190141916 0.083367139101
   358    309 0.012267917395 0.485813021660
   374    309 -0.325478851795 0.597932875156
   390    309 -0.264232754707 0.341310679913
   406    309 0.274983406067 0.363010644913
   422    309 1.725608110428 0.427980005741
   438    309 1.647962570190 -0.587500035763
   454    309 0.049477159977 -0.407308518887
   470    309 0.005286723375 0.156236857176
   486    309 0.863159358501 0.062443017960
   502    309 1.605439782143 -0.324742913246
   518    309 1.254122257233 -0.655760884285
