    22     21 -1.106242895126 1.039248228073
    38     21 -1.135692119598 -0.097374141216
    54     21 -0.774970650673 -0.693298935890
    70     21 -0.136572659016 -0.184702515602
    86     21 0.085084795952 -1.394300460815
   102     21 0.192142009735 -1.530676960945
   118     21 0.134669065475 -1.249256730080
   134     21 0.416966348886 -1.399056196213
   150     21 0.937078356743 -1.687430024147
   166     21 1.396018266678 -2.289220809937
   182     21 1.501910924911 -1.899492383003
   198     21 0.550420701504 -0.244011640549
   214     21 0.329000115395 0.491896361113
   230     21 0.412431359291 0.718993127346
   246     21 0.167099520564 0.861143171787
   262     21 0.248296856880 1.200847744942
   278     21 0.466046154499 1.474154710770
   294     21 -0.107447087765 1.340222477913
   310     21 -0.813008427620 1.514325857162
   326     21 -1.080315470695 1.987584352493
   342     21 -0.975961208344 0.998211383820
   358     21 -1.013051033020 -0.708464026451
   374     21 -1.019567370415 -0.639038443565
   390     21 -1.127166867256 0.197045490146
   406     21 -0.802088201046 -0.015964120626
   422     21 -0.189877748489 -0.875147223473
   438     21 0.378758043051 -1.354507923126
   454     21 0.804475724697 -0.836902379990
   470     21 1.186278939247 -1.349887847900
   486     21 1.592764973640 -1.520593643188
   502     21 2.219507217407 -0.228010416031
   518     21 2.804193019867 1.615485906601
    22     37 -1.276313185692 0.025220155716
    38     37 -1.191254973412 -0.595512688160
    54     37 -1.448769092560 -1.034145474434
    70     37 -1.051267981529 -0.716721594334
    86     37 -0.651429295540 -1.347582221031
   102     37 -0.233003914356 -1.347073554993
   118     37 0.130810230970 -1.011810541153
   134     37 0.414717972279 -0.882066965103
   150     37 0.615794360638 -1.120641827583
   166     37 0.846230268478 -1.666766643524
   182     37 0.888308346272 -1.749078989029
   198     37 0.782584965229 -1.290236949921
   214     37 0.834396064281 -0.615988969803
   230     37 0.516593873501 0.304862558842
   246     37 -0.053335413337 1.074082493782
   262     37 -0.147195711732 1.949444293976
   278     37 0.170883610845 2.023178577423
   294     37 -0.003300487995 1.178151130676
   310     37 -0.222339466214 1.046643257141
   326     37 0.106847032905 2.189434051514
   342     37 0.906382024288 1.015391588211
   358     37 0.691731095314 -0.052571415901
   374     37 -0.455871105194 0.115520998836
   390     37 -0.945944905281 0.423609375954
   406     37 -0.631700754166 -0.468637466431
   422     37 -0.295796722174 -1.369194746017
   438     37 0.275878787041 -2.021095275879
   454     37 0.637861967087 -2.116752862930
   470     37 0.695352911949 -1.792373299599
   486     37 0.797123968601 -1.413477659225
   502     37 1.026679277420 -0.232858777046
   518     37 1.868750929832 1.313798904419
    22     53 -1.655166864395 -0.787642359734
    38     53 -1.890723347664 -1.151365995407
    54     53 -1.528106570244 -0.622924923897
    70     53 -1.006315588951 -0.435680866241
    86     53 -0.732647299767 -0.615918874741
   102     53 -0.287092983723 -0.716491460800
   118     53 -0.025000751019 -0.734454214573
   134     53 -0.283132314682 -0.436986207962
   150     53 0.030908644199 -0.437683105469
   166     53 0.642066538334 -0.945974588394
   182     53 0.597048521042 -1.886458754539
   198     53 0.835548222065 -2.081974506378
   214     53 0.721697986126 -0.769567966461
   230     53 0.000915050507 0.540927588940
   246     53 -0.408545851707 1.219485759735
   262     53 -0.072497576475 1.422611713409
   278     53 0.585113942623 1.495118975639
   294     53 0.448373913765 0.921590328217
   310     53 0.805415034294 0.707946360111
   326     53 1.253686785698 1.642395138741
   342     53 1.500647783279 1.562258481979
   358     53 0.755892634392 0.771408796310
   374     53 -0.258930891752 0.512708485126
   390     53 -0.228101730347 0.000782549381
   406     53 -0.129601597786 -1.266148567200
   422     53 -0.190487504005 -2.034858703613
   438     53 0.289246529341 -2.157258987427
   454     53 0.488480508327 -2.358767986298
   470     53 0.171426236629 -1.850206255913
   486     53 -0.036252968013 -1.391529202461
   502     53 0.274723261595 -0.652272105217
   518     53 0.866449058056 0.233000636101
    22     69 -1.528505325317 -1.415162086487
    38     69 -1.224009156227 -1.562507629395
    54     69 -0.851599693298 -0.294604599476
    70     69 -0.500695884228 0.379935741425
    86     69 -0.761337518692 0.295151591301
   102     69 -0.490633249283 -0.212518453598
   118     69 -0.130735486746 -0.555274844170
   134     69 -0.256261825562 -0.313133239746
   150     69 0.187650024891 -0.073798596859
   166     69 1.038599252701 -0.433227062225
   182     69 0.866657495499 -1.914258480072
   198     69 0.545131862164 -1.780027627945
   214     69 -0.478681683540 -0.117576986551
   230     69 -0.484604418278 0.781686246395
   246     69 0.072159543633 1.025666236877
   262     69 0.502892971039 0.530228495598
   278     69 0.791418433189 0.246062636375
   294     69 0.964173555374 0.387473702431
   310     69 1.387862920761 0.459810137749
   326     69 1.297771811485 1.087171196938
   342     69 0.601429343224 1.539329767227
   358     69 0.390690684319 1.432430267334
   374     69 0.510708570480 0.806696832180
   390     69 0.950339138508 0.180933833122
   406     69 1.386448979378 -1.221646070480
   422     69 0.378604054451 -2.098405599594
   438     69 -0.029877990484 -1.931501507759
   454     69 -0.233743444085 -1.383968114853
   470     69 -0.548967838287 -1.009018301964
   486     69 -1.023866653442 -1.434866786003
   502     69 -0.945204675198 -1.603772640228
   518     69 -0.137822806835 -1.102976560593
    22     85 0.417154520750 -0.884849190712
    38     85 0.167410448194 -0.779264748096
    54     85 -0.105635553598 0.487409383059
    70     85 -0.282447487116 1.145510911942
    86     85 -0.465497165918 0.822603940964
   102     85 -0.392334818840 -0.490407288074
   118     85 0.063619397581 -0.983198046684
   134     85 0.422405958176 -0.435528427362
   150     85 0.647123277187 -0.098878711462
   166     85 1.177180290222 -0.137148290873
   182     85 0.930854320526 -0.855019509792
   198     85 0.142911076546 -0.739984512329
   214     85 -0.690044999123 0.200764775276
   230     85 -0.621567547321 0.571282029152
   246     85 0.053670868278 0.802535712719
   262     85 0.581230401993 0.226978957653
   278     85 0.854938268661 -0.007412344217
   294     85 0.987219631672 0.143941998482
   310     85 1.296588420868 0.391794621944
   326     85 1.258793115616 1.134995579720
   342     85 0.344068050385 1.079493999481
   358     85 0.165154725313 0.874508976936
   374     85 0.730437278748 0.828633666039
   390     85 1.327586054802 0.528891921043
   406     85 1.739651441574 -0.159518301487
   422     85 0.896407961845 -1.179644465446
   438     85 -0.072245061398 -1.322352170944
   454     85 -0.540813028812 -0.462811350822
   470     85 -0.707779526711 -0.144287943840
   486     85 -1.498177528381 -1.128563165665
   502     85 -1.599174976349 -2.466564893723
   518     85 -0.943783521652 -3.230702400208
    22    101 0.305777549744 -0.571131587029
    38    101 0.232525587082 -0.230858162045
    54    101 0.183976426721 0.357199370861
    70    101 0.017288714647 0.929070889950
    86    101 0.111891254783 0.638653934002
   102    101 0.110234335065 -0.639530956745
   118    101 0.223167896271 -0.938858211040
   134    101 0.429968625307 -0.727780580521
   150    101 0.645787000656 -0.430641680956
   166    101 1.195204257965 0.202895745635
   182    101 1.305211305618 0.191831931472
   198    101 0.523867547512 -0.176443278790
   214    101 -0.545630037785 0.103050664067
   230    101 -0.715707838535 0.312623560429
   246    101 -0.140590742230 0.684737801552
   262    101 0.620779514313 0.075213119388
   278    101 1.002378702164 0.011553563178
   294    101 1.079572200775 0.207607060671
   310    101 1.300768613815 0.582116603851
   326    101 1.702011704445 1.300257682800
   342    101 0.440689146519 0.895910024643
   358    101 -0.293038070202 0.690495371819
   374    101 0.167448341846 0.682583332062
   390    101 0.750232577324 0.456031560898
   406    101 0.966789424419 0.069862276316
   422    101 0.770063161850 -0.438390254974
   438    101 0.286549121141 -0.699998617172
   454    101 -0.183537125587 -0.334679633379
   470    101 -0.593284964561 -0.158572077751
   486    101 -0.966370820999 -1.097243785858
   502    101 -1.221900582314 -2.467762708664
   518    101 -1.144277691841 -3.512207984924
    22    117 0.368805587292 -0.085157871246
    38    117 0.304703444242 0.324163585901
    54    117 0.305938720703 0.069495141506
    70    117 -0.018868565559 0.537232756615
    86    117 0.111888624728 0.706869721413
   102    117 0.305586755276 0.103939235210
   118    117 0.038495376706 -0.280263811350
   134    117 -0.250906586647 -0.600993275642
   150    117 -0.096647396684 -0.533621788025
   166    117 0.462420701981 0.117621421814
   182    117 1.024757504463 0.471288055182
   198    117 0.082851588726 0.142289921641
   214    117 -1.015695214272 -0.073241814971
   230    117 -0.573348701000 -0.122725844383
   246    117 0.387132614851 -0.311560422182
   262    117 0.632949292660 -0.343952625990
   278    117 0.723793447018 0.026724301279
   294    117 0.927556574345 0.110243707895
   310    117 0.796061336994 0.736216902733
   326    117 0.433628261089 2.584102392197
   342    117 -0.063523113728 2.417367219925
   358    117 -0.470226585865 0.833658814430
   374    117 -0.038717955351 0.783245563507
   390    117 0.039008677006 0.213268756866
   406    117 0.544096946716 -0.243693292141
   422    117 0.859450578690 -0.156539171934
   438    117 0.638424336910 -0.129771918058
   454    117 0.367078542709 -0.207483112812
   470    117 -0.069679230452 -0.570162773132
   486    117 -0.216812074184 -1.332852959633
   502    117 -0.181022077799 -2.019588470459
   518    117 -0.692563652992 -1.841070413589
    22    133 0.283956646919 0.003368794918
    38    133 1.253823757172 0.021011471748
    54    133 0.810278117657 0.168367922306
    70    133 -0.203922480345 0.406300485134
    86    133 -0.551233708858 0.424370199442
   102    133 0.069346249104 0.444124400616
   118    133 0.231207117438 -0.009369596839
   134    133 -0.256666690111 -0.655824303627
   150    133 -0.404049575329 -0.791030049324
   166    133 -0.449621945620 -0.399344146252
   182    133 -0.483599156141 -0.069279015064
   198    133 -0.577232062817 -0.035672962666
   214    133 -0.423674046993 -0.345966547728
   230    133 0.408721506596 -0.571027934551
   246    133 0.790582418442 -0.524252891541
   262    133 0.573831319809 -0.075513899326
   278    133 0.411528170109 0.139652997255
   294    133 0.730423092842 -0.240863993764
   310    133 0.688106715679 -0.129844963551
   326    133 0.391401946545 1.912588834763
   342    133 0.164651304483 2.084648609161
   358    133 0.096004515886 1.011386871338
   374    133 0.506488561630 1.011016368866
   390    133 0.148186981678 0.204109191895
   406    133 0.304671585560 -0.445921897888
   422    133 0.924862623215 -0.107569560409
   438    133 1.200597763062 0.280413985252
   454    133 1.241626262665 0.230748057365
   470    133 0.478354156017 -0.305908977985
   486    133 0.067659646273 -1.189487814903
   502    133 0.082255363464 -1.821291685104
   518    133 0.092017769814 -0.669804096222
    22    149 0.333045840263 -0.989540874958
    38    149 1.483000516891 -0.441965103149
    54    149 1.114730000496 0.266288369894
    70    149 -0.061224669218 0.808300137520
    86    149 -0.804668962955 0.363811254501
   102    149 -0.420740187168 0.216845273972
   118    149 -0.188449174166 -0.015057817101
   134    149 -0.537989079952 -0.580287456512
   150    149 -0.632212638855 -0.770471334457
   166    149 -1.210982680321 -0.776125550270
   182    149 -1.471426963806 -0.821794927120
   198    149 -0.975881695747 -0.739565968513
   214    149 -0.284983038902 -0.775716304779
   230    149 0.191945672035 -0.448263257742
   246    149 0.229417398572 -0.042712152004
   262    149 0.294674664736 0.281566768885
   278    149 0.466668009758 0.074179917574
   294    149 0.878568053246 -1.199187755585
   310    149 1.175523161888 -0.642073094845
   326    149 0.852568149567 1.110414505005
   342    149 0.760390400887 1.612711071968
   358    149 0.712327241898 0.502893447876
   374    149 0.813572883606 0.500108659267
   390    149 0.478456825018 0.267005652189
   406    149 0.238687455654 -0.345957994461
   422    149 0.648189604282 -0.276869893074
   438    149 1.184131860733 0.356140762568
   454    149 1.292731046677 0.400330066681
   470    149 0.849652707577 -0.183753758669
   486    149 0.463388085365 -1.202173471451
   502    149 0.288424134254 -1.820332884789
   518    149 0.391132235527 -1.874493837357
    22    165 -0.464858531952 -1.332896709442
    38    165 0.048018962145 -0.782485485077
    54    165 0.053545013070 0.550158381462
    70    165 -0.629642724991 1.418280601501
    86    165 -0.844597399235 0.678852021694
   102    165 -0.414715141058 0.282042562962
   118    165 -0.416037112474 0.228653728962
   134    165 -0.565372467041 -0.080476313829
   150    165 -0.859606862068 -0.384607613087
   166    165 -1.503338813782 -0.708700656891
   182    165 -1.689924120903 -0.831452488899
   198    165 -1.356173992157 -0.766910672188
   214    165 -0.640991687775 -0.833768665791
   230    165 -0.282323718071 -0.178406149149
   246    165 -0.244365751743 0.095876485109
   262    165 0.184468239546 -0.438742816448
   278    165 0.889772057533 -1.091006994247
   294    165 1.141850471497 -1.471021413803
   310    165 1.212492942810 -0.200200721622
   326    165 1.236328363419 1.186540961266
   342    165 1.870720386505 1.773732304573
   358    165 1.667275428772 -0.045235931873
   374    165 1.442060947418 0.121166229248
   390    165 0.747004151344 0.150953650475
   406    165 0.045065492392 -0.584095180035
   422    165 0.391398280859 -0.455680519342
   438    165 0.541874825954 0.058229923248
   454    165 0.378244519234 0.131357744336
   470    165 0.408284187317 -0.391325861216
   486    165 0.345466077328 -1.194032430649
   502    165 0.141082286835 -1.760272502899
   518    165 -0.208638072014 -2.586504936218
    22    181 -0.038877487183 -0.260729461908
    38    181 -0.200989872217 -0.215101122856
    54    181 -0.744490265846 0.422805011272
    70    181 -1.529042005539 1.232398033142
    86    181 -0.935400366783 0.710727632046
   102    181 0.002773702145 0.768173873425
   118    181 0.160463869572 1.336654901505
   134    181 -0.035376399755 0.777690112591
   150    181 -0.399006396532 0.146922037005
   166    181 -0.714155554771 -0.524161458015
   182    181 -0.823414444923 -0.235626965761
   198    181 -0.875672221184 -0.244158983231
   214    181 -0.628625214100 -0.583712458611
   230    181 -0.434026688337 -0.324473649263
   246    181 -0.338151812553 -0.420071721077
   262    181 0.166234046221 -0.908756792545
   278    181 0.980506539345 -1.468670368195
   294    181 1.295120000839 -1.380129098892
   310    181 1.240792036057 -0.146229803562
   326    181 1.657677888870 1.042242288589
   342    181 2.514793872833 1.191369295120
   358    181 2.918079376221 0.622738957405
   374    181 1.884514927864 0.188682436943
   390    181 0.648107290268 0.119347155094
   406    181 -0.315222740173 -0.434834182262
   422    181 0.144917473197 -0.256040632725
   438    181 0.645183324814 0.188894718885
   454    181 0.148746937513 0.171910494566
   470    181 -0.322674542665 -0.757949829102
   486    181 -0.170242041349 -1.320520877838
   502    181 -0.526834547520 -1.875230312347
   518    181 -0.431352376938 -2.410701751709
    22    197 1.100000739098 1.104644656181
    38    197 0.444132864475 0.073926687241
    54    197 -0.307253062725 0.134977340698
    70    197 -0.860467672348 0.815434515476
    86    197 -0.826057136059 0.942374587059
   102    197 -0.382414132357 1.329146742821
   118    197 0.102783896029 2.207498550415
   134    197 0.237302020192 1.377371311188
   150    197 0.274580031633 0.525702953339
   166    197 0.155223220587 -0.591202139854
   182    197 -0.009298339486 0.029789052904
   198    197 -0.501117348671 0.373412102461
   214    197 -0.741087317467 0.055884376168
   230    197 -0.574044942856 -0.265638679266
   246    197 -0.528921663761 -1.075411915779
   262    197 0.191535443068 -1.084750652313
   278    197 0.842774748802 -0.817432641983
   294    197 0.662800073624 -0.847882211208
   310    197 0.544445395470 0.008123666048
   326    197 1.304672598839 0.580524504185
   342    197 2.228096961975 1.105613470078
   358    197 1.999531626701 1.229459762573
   374    197 0.872045814991 0.734920620918
   390    197 -0.209500551224 0.362007796764
   406    197 -0.670873105526 -0.427133321762
   422    197 -0.138930499554 -0.178506135941
   438    197 0.567509770393 0.526342570782
   454    197 1.024787425995 0.735197126865
   470    197 0.515683889389 -0.437901854515
   486    197 0.041782423854 -1.382369041443
   502    197 -0.532376706600 -1.673428893089
   518    197 -0.724205613136 -2.137433052063
    22    213 0.519530475140 1.434021711349
    38    213 0.663894951344 0.311952292919
    54    213 0.516117274761 0.024272963405
    70    213 0.129971832037 0.306781470776
    86    213 -0.262992531061 0.912311851978
   102    213 -0.554012656212 0.855952978134
   118    213 0.101195991039 0.573400974274
   134    213 0.510225772858 1.011493921280
   150    213 0.922301769257 0.369591116905
   166    213 0.984553694725 -0.638898611069
   182    213 0.943424344063 -0.329387784004
   198    213 -0.115334510803 0.795322299004
   214    213 -0.340589672327 0.512577414513
   230    213 0.069117665291 -0.438841551542
   246    213 0.722638845444 -1.517117738724
   262    213 1.009368181229 -0.162420213223
   278    213 0.481241196394 0.086039245129
   294    213 -0.284429639578 0.316194534302
   310    213 -0.460290223360 0.525257408619
   326    213 0.400392472744 0.741579532623
   342    213 1.097417116165 1.367028355598
   358    213 0.883622348309 1.524865031242
   374    213 -0.601751387119 0.731213331223
   390    213 -0.959435582161 0.305150449276
   406    213 -1.078740119934 -0.604439198971
   422    213 -0.821839928627 -0.295062124729
   438    213 -0.160975277424 0.495041459799
   454    213 0.241034805775 0.483040094376
   470    213 0.308774888515 -0.226658388972
   486    213 0.369634211063 -1.211614489555
   502    213 0.285622417927 -1.314302682877
   518    213 -0.396190643311 -1.572490215302
    22    229 -0.386576056480 0.650698661804
    38    229 0.452390849590 -0.007946193218
    54    229 1.074176549911 0.396139174700
    70    229 0.855345189571 0.416073650122
    86    229 0.555496692657 0.511914610863
   102    229 0.401283323765 -0.126874208450
   118    229 0.446028411388 -0.729992330074
   134    229 0.713663101196 -0.656754851341
   150    229 1.435949325562 -0.716140508652
   166    229 1.809232234955 -0.705091953278
   182    229 1.624759078026 -0.353548467159
   198    229 1.259002447128 0.549920678139
   214    229 1.017549037933 0.648316144943
   230    229 1.680055260658 -0.373901605606
   246    229 1.896599769592 -0.598856627941
   262    229 1.153617620468 -0.022735401988
   278    229 0.100407019258 0.731041014194
   294    229 -1.059994459152 0.877961874008
   310    229 -1.040270566940 0.620016813278
   326    229 -0.466628849506 0.754273831844
   342    229 -0.335308045149 1.355567932129
   358    229 -0.987442731857 1.300478935242
   374    229 -1.408884048462 -0.356713414192
   390    229 -0.889550685883 -0.049544274807
   406    229 -1.284969091415 -0.492586076260
   422    229 -1.482512474060 -0.408508867025
   438    229 -0.579966783524 0.773844599724
   454    229 0.115217268467 0.611363768578
   470    229 0.109856411815 -0.200262159109
   486    229 0.218621373177 -1.305384874344
   502    229 0.671409010887 -1.247070193291
   518    229 -0.426136076450 -1.028470754623
    22    245 -0.374060213566 0.043930947781
    38    245 0.149321749806 -0.078862205148
    54    245 0.663944423199 0.263100177050
    70    245 0.814642131329 0.497373282909
    86    245 0.688248395920 0.566528797150
   102    245 0.503686666489 0.019875645638
   118    245 0.831705331802 -0.662756383419
   134    245 1.156575918198 -1.468966603279
   150    245 1.724447727203 -1.929097652435
   166    245 1.989441633224 -0.968696832657
   182    245 1.766105055809 -0.172546923161
   198    245 1.916565895081 0.641467094421
   214    245 1.658213853836 1.023994088173
   230    245 1.525465965271 0.383579909801
   246    245 1.210252285004 -0.075597018003
   262    245 0.333501875401 -0.226616084576
   278    245 -0.281323313713 0.734262943268
   294    245 -0.729561269283 1.071479678154
   310    245 -1.020366668701 0.582883179188
   326    245 -0.918212473392 0.611277580261
   342    245 -1.061383724213 1.037375211716
   358    245 -1.272575139999 0.783800125122
   374    245 -1.450369834900 0.138769805431
   390    245 -0.840337157249 0.449748754501
   406    245 -1.421363949776 0.340248644352
   422    245 -1.532058954239 0.155300438404
   438    245 -0.774600267410 0.702526152134
   454    245 -0.098246842623 0.476059675217
   470    245 -0.183665543795 -0.184052020311
   486    245 -0.245083168149 -0.790032148361
   502    245 -0.021132916212 -1.074955701828
   518    245 -0.407411217690 -0.766936898232
    22    261 -0.310344487429 -0.390858173370
    38    261 -0.047832086682 -0.121779978275
    54    261 0.319052636623 0.139212965965
    70    261 0.343445956707 0.440394163132
    86    261 0.076933443546 0.977604985237
   102    261 0.138405442238 0.617083668709
   118    261 0.866933286190 -0.422838389874
   134    261 1.415817975998 -0.892166435719
   150    261 1.575797796249 -1.684129238129
   166    261 1.766122817993 -0.958466410637
   182    261 1.754111051559 -0.017501100898
   198    261 2.104340553284 1.240087509155
   214    261 1.994828224182 1.747060418129
   230    261 1.363375425339 0.463572412729
   246    261 0.745258688927 -0.129807502031
   262    261 -0.772489011288 -0.269021987915
   278    261 -1.615909218788 -0.004233300686
   294    261 -1.040729522705 0.747381329536
   310    261 -0.525672793388 0.669061481953
   326    261 -0.122298717499 0.566661000252
   342    261 -0.140009045601 0.702529311180
   358    261 -0.502277493477 0.705229580402
   374    261 -1.095608830452 0.534405589104
   390    261 -1.291107177734 1.368987321854
   406    261 -0.969865024090 1.399085879326
   422    261 -1.061312675476 0.554966270924
   438    261 -0.573307752609 0.193448662758
   454    261 -0.396919012070 -0.235291391611
   470    261 -0.625686466694 -0.263932943344
   486    261 -0.621246337891 -0.309067338705
   502    261 -0.206759974360 -0.429480671883
   518    261 0.150847077370 -0.465766012669
    22    277 -0.826764047146 0.066337287426
    38    277 -0.290024548769 -0.212447673082
    54    277 0.199674755335 0.372467547655
    70    277 0.444811403751 0.693207144737
    86    277 0.260767996311 0.992977857590
   102    277 0.517040550709 0.908836603165
   118    277 1.334131956100 -0.126846998930
   134    277 1.368634819984 -0.384684056044
   150    277 0.832585513592 -0.626125931740
   166    277 -0.120068848133 -0.960685372353
   182    277 -0.061027646065 -0.051651492715
   198    277 0.530655682087 0.996409535408
   214    277 0.663129568100 1.513546586037
   230    277 0.301574140787 -0.081311434507
   246    277 -0.442059993744 -0.065382704139
   262    277 -1.806112051010 0.017689153552
   278    277 -3.089009284973 -0.189252912998
   294    277 -2.067694664001 0.056625500321
   310    277 -0.430907964706 0.009354647249
   326    277 0.432959794998 0.136049985886
   342    277 0.616398811340 0.682709574699
   358    277 0.092979818583 0.855228900909
   374    277 -0.797137975693 0.723798573017
   390    277 -1.279800415039 0.865289807320
   406    277 -0.563237965107 0.983473479748
   422    277 -0.307073444128 0.581460177898
   438    277 -0.227713614702 0.060105383396
   454    277 -0.165972828865 -0.260739356279
   470    277 -0.382635354996 -0.140192523599
   486    277 -0.826277017593 0.073814064264
   502    277 -0.166096329689 -0.160659223795
   518    277 0.671360790730 -0.648598313332
    22    293 -0.917387604713 0.292888760567
    38    293 -0.295601546764 -0.354758352041
    54    293 0.086454294622 -0.036659002304
    70    293 0.486235827208 0.269175708294
    86    293 0.627799451351 0.548363387585
   102    293 0.928879380226 0.760482549667
   118    293 1.741900205612 0.447886437178
   134    293 1.514625072479 0.417204976082
   150    293 0.061501070857 0.041704513133
   166    293 -1.654926300049 -0.560642600060
   182    293 -1.811228752136 -0.381062030792
   198    293 -1.246373653412 0.062836937606
   214    293 -1.229136466980 0.599573552608
   230    293 -1.397770166397 0.178376048803
   246    293 -1.705473899841 0.332383334637
   262    293 -1.853089928627 0.425947964191
   278    293 -1.808742165565 -0.067330032587
   294    293 -1.634188771248 -0.735529661179
   310    293 -0.895346760750 -1.251640319824
   326    293 -0.021438956261 -0.984147071838
   342    293 0.254747956991 0.461210966110
   358    293 0.051619112492 1.378891110420
   374    293 -0.686722397804 0.795878648758
   390    293 -0.717483341694 -0.142232060432
   406    293 -0.376968979836 0.042278200388
   422    293 0.036265701056 0.382000625134
   438    293 0.253590196371 -0.049539685249
   454    293 0.449709773064 -0.259110510349
   470    293 0.365957021713 0.289595216513
   486    293 -0.371958971024 0.251581996679
   502    293 0.335740506649 -0.244629234076
   518    293 1.076792955399 -1.242985725403
    22    309 -1.846876382828 0.464059352875
    38    309 -0.454654335976 -1.602915048599
    54    309 0.581155896187 -1.592910289764
    70    309 0.898655056953 -0.639101564884
    86    309 0.645558238029 0.335270255804
   102    309 0.254335016012 0.741072535515
   118    309 0.539697825909 0.868499398232
   134    309 0.872895836830 1.478626966476
   150    309 0.339812636375 1.053235411644
   166    309 -0.611908793449 0.087033569813
   182    309 -1.074430704117 -0.239222854376
   198    309 -1.323789358139 -0.323344111443
   214    309 -2.223045349121 -0.115304052830
   230    309 -2.445697069168 -0.102505266666
   246    309 -1.801605939865 0.278257519007
   262    309 -1.650667190552 0.396029293537
   278    309 -1.578854680061 -0.353487491608
   294    309 -1.313434720039 -1.522612571716
   310    309 -1.079587101936 -2.380772113800
   326    309 -0.672757446766 -1.553255081177
   342    309 -0.457411527634 0.108204156160
   358    309 -0.483969748020 1.909632325172
   374    309 -0.489783287048 1.261017322540
   390    309 -0.161544859409 -0.443843841553
   406    309 0.124683052301 -0.912948429585
   422    309 0.520964145660 -0.584527373314
   438    309 0.975123286247 -0.586326897144
   454    309 1.033914804459 0.010301232338
   470    309 1.520782947540 1.279610395432
   486    309 1.663778662682 1.082652568817
   502    309 0.669188618660 -0.472699940205
   518    309 -0.617178201675 -2.505266666412
