    22     21 -0.751367092133 1.395517349243
    38     21 -0.774890959263 -0.602160215378
    54     21 -0.504099488258 -1.078860163689
    70     21 -0.043205976486 0.387966394424
    86     21 0.566713273525 -0.650667190552
   102     21 1.077140450478 -1.140598177910
   118     21 1.025053381920 -1.317025065422
   134     21 0.432842880487 -1.979627251625
   150     21 0.544912576675 -2.270945549011
   166     21 1.228856921196 -2.349969863892
   182     21 1.543060779572 -1.382868051529
   198     21 0.954961538315 -0.220263600349
   214     21 0.937895655632 -0.295534968376
   230     21 0.718561887741 -0.429086148739
   246     21 0.049476087093 0.018798358738
   262     21 0.082263469696 0.697993874550
   278     21 0.188848316669 1.526914358139
   294     21 0.097974181175 1.721269369125
   310     21 -0.634683787823 1.966018199921
   326     21 -1.439632058144 2.680196285248
   342     21 -1.358807325363 2.038701295853
   358     21 -0.921495556831 0.396684050560
   374     21 -0.982520580292 -0.113917507231
   390     21 -1.400642275810 -0.017549917102
   406     21 -1.732105493546 0.145176589489
   422     21 -1.192855119705 -0.079174295068
   438     21 0.224667221308 -0.832727193832
   454     21 1.148275017738 -0.711628317833
   470     21 0.879758477211 -0.691642999649
   486     21 0.715306758881 -0.950580596924
   502     21 0.549711108208 -0.773306608200
   518     21 0.291363954544 -0.611258506775
    22     37 -0.715345978737 -0.190316691995
    38     37 -0.140873908997 -0.433028340340
    54     37 -0.370043575764 -1.018671393394
    70     37 -0.476171374321 0.362108469009
    86     37 -0.085092499852 -0.532422602177
   102     37 0.144393011928 -1.253397345543
   118     37 0.636522889137 -0.971716940403
   134     37 0.491559088230 -1.302094459534
   150     37 0.375444114208 -1.818454265594
   166     37 0.773684144020 -2.061341285706
   182     37 0.830736279488 -1.843678116798
   198     37 0.975259065628 -1.411672115326
   214     37 1.025505542755 -0.873807072639
   230     37 0.467475533485 -0.212277472019
   246     37 -0.073323875666 0.396195888519
   262     37 -0.196063026786 1.428039073944
   278     37 -0.560612559319 1.992914676666
   294     37 -0.545376420021 2.008272171021
   310     37 -0.748295664787 2.375840425491
   326     37 -0.429599523544 2.826040267944
   342     37 0.224622994661 3.184347152710
   358     37 0.852365374565 1.403935432434
   374     37 0.705387413502 0.692410826683
   390     37 -0.218227684498 0.297662734985
   406     37 -1.079923629761 -0.257833808661
   422     37 -0.965245842934 -1.656713008881
   438     37 -0.270375251770 -2.946005105972
   454     37 -0.137988865376 -2.207201719284
   470     37 0.015377469361 -1.603237509727
   486     37 0.346649825573 -1.275604963303
   502     37 0.464109122753 -0.297289967537
   518     37 0.381292730570 1.041835904121
    22     53 -0.772972464561 -1.151511549950
    38     53 -0.120621144772 -0.867592632771
    54     53 -0.011766195297 -0.288507997990
    70     53 -0.237087577581 0.518657326698
    86     53 0.117153033614 -0.019744805992
   102     53 -0.009108737111 -0.554726481438
   118     53 -0.329037725925 -0.414553046227
   134     53 -0.052609443665 -0.449774801731
   150     53 0.427827477455 -0.826851665974
   166     53 0.752286732197 -1.293697237968
   182     53 0.380021303892 -2.452275753021
   198     53 0.602484822273 -2.484451055527
   214     53 0.624730110168 -1.050088167191
   230     53 0.077024206519 0.198030650616
   246     53 0.098542235792 0.845395684242
   262     53 0.101009801030 1.144692182541
   278     53 -0.171822085977 1.586522698402
   294     53 -0.334057122469 1.574431419373
   310     53 -0.404691129923 1.778722643852
   326     53 0.244906663895 3.063777446747
   342     53 0.708163201809 2.650599479675
   358     53 1.431551098824 2.320280075073
   374     53 1.101097583771 1.095502257347
   390     53 0.368639230728 0.211951255798
   406     53 -0.242000550032 -0.553082704544
   422     53 -0.639428675175 -1.716974973679
   438     53 -0.845309674740 -3.050637245178
   454     53 -0.637534618378 -2.748112678528
   470     53 -0.414571821690 -1.846328377724
   486     53 -0.390326708555 -1.396299600601
   502     53 0.080830365419 -0.600867152214
   518     53 0.471914142370 0.736928462982
    22     69 -0.988980352879 -1.694006681442
    38     69 -0.271158963442 -1.221277713776
    54     69 -0.171685650945 -0.061238616705
    70     69 -0.059924952686 0.823923230171
    86     69 -0.138182461262 0.458835273981
   102     69 -0.119357213378 -0.069426804781
   118     69 0.021733880043 -0.238390982151
   134     69 0.162863671780 -0.101419985294
   150     69 0.730040311813 -0.196624904871
   166     69 1.273705720901 -0.416049003601
   182     69 0.504226028919 -2.420949935913
   198     69 0.036163926125 -2.378937482834
   214     69 -0.668557286263 -0.927809894085
   230     69 -0.827962517738 0.407022237778
   246     69 0.014849208295 0.863936066628
   262     69 0.268792390823 0.354491353035
   278     69 0.337016582489 0.394294321537
   294     69 0.428551018238 0.953094601631
   310     69 0.596490502357 1.090140104294
   326     69 0.649578750134 1.223411440849
   342     69 0.931571960449 2.033993244171
   358     69 1.193432450294 2.545176982880
   374     69 0.710440576077 1.108719468117
   390     69 0.494109630585 0.111564338207
   406     69 0.418448269367 -0.424482405186
   422     69 0.018342643976 -0.986786425114
   438     69 -0.608854889870 -1.522840023041
   454     69 -0.740938305855 -1.553594350815
   470     69 -0.480858564377 -1.140097737312
   486     69 -0.942934930325 -1.534529924393
   502     69 -0.618332922459 -1.219577312469
   518     69 0.214003086090 -0.427085638046
    22     85 -0.289792954922 -1.192913055420
    38     85 0.126367330551 -0.517473459244
    54     85 0.085395805538 0.792167186737
    70     85 -0.148336678743 1.283843874931
    86     85 -0.072418361902 0.752271413803
   102     85 0.246829360723 -0.353683501482
   118     85 0.826680302620 -0.766045808792
   134     85 0.568831801414 -0.138097941875
   150     85 0.450599282980 0.134465381503
   166     85 0.631100416183 0.141987502575
   182     85 0.233793079853 -0.503668725491
   198     85 -0.706187486649 -1.374222755432
   214     85 -1.693892955780 -0.497740447521
   230     85 -1.924481391907 0.107270300388
   246     85 -0.191041916609 0.362420409918
   262     85 0.753052592278 -0.262832880020
   278     85 1.069652318954 -0.828026890755
   294     85 1.050322532654 0.008891105652
   310     85 1.467278957367 0.522622466087
   326     85 1.278587579727 0.519896447659
   342     85 0.623417079449 0.335245370865
   358     85 0.617762982845 0.476157724857
   374     85 0.671401023865 0.431172341108
   390     85 0.795373380184 0.273624241352
   406     85 0.945508360863 0.297168046236
   422     85 0.523663282394 -0.254268139601
   438     85 -0.137480035424 -0.765026926994
   454     85 -0.590215682983 -0.970814585686
   470     85 -0.580271244049 -0.890750408173
   486     85 -0.723819017410 -1.124277234077
   502     85 -1.185718417168 -2.889161825180
   518     85 -0.467706620693 -2.840085983276
    22    101 -0.137264966965 -0.015840291977
    38    101 0.356694102287 0.337787926197
    54    101 0.627459049225 0.908006727695
    70    101 0.553290009499 1.097408890724
    86    101 0.675737023354 0.257004916668
   102    101 0.857139825821 -0.669045507908
   118    101 0.511766314507 -1.004664659500
   134    101 -0.109887152910 -0.377398371696
   150    101 -0.198266088963 0.156049668789
   166    101 0.253801316023 0.376779824495
   182    101 0.576305508614 0.249447122216
   198    101 0.426044911146 -0.365281254053
   214    101 -1.218464493752 -0.226350486279
   230    101 -1.395628213882 -0.060965090990
   246    101 -0.101474195719 -0.095509976149
   262    101 1.103505015373 -0.538715183735
   278    101 1.397948265076 -0.658697128296
   294    101 1.364022970200 -0.045420438051
   310    101 1.382232189178 0.338664233685
   326    101 1.629014730453 0.416272073984
   342    101 0.912948429585 -0.090514391661
   358    101 0.537367522717 -0.481308788061
   374    101 0.451732993126 -0.162286549807
   390    101 0.603936851025 0.275950372219
   406    101 0.673639655113 0.676079392433
   422    101 0.499159157276 0.461822271347
   438    101 0.185960441828 -0.146649762988
   454    101 -0.298991978168 -0.638823509216
   470    101 -0.557262659073 -0.809833526611
   486    101 -0.602490425110 -1.087917208672
   502    101 -0.843194365501 -2.263931274414
   518    101 -0.796503424644 -2.608626604080
    22    117 0.521541774273 0.185163259506
    38    117 0.706273794174 0.566616415977
    54    117 0.964494943619 0.556863903999
    70    117 0.562018871307 0.801616013050
    86    117 0.691531598568 0.110702931881
   102    117 0.659807085991 -0.138349860907
   118    117 -0.172098457813 -0.301829755306
   134    117 -0.750345706940 -0.181048870087
   150    117 -0.460595011711 0.044534385204
   166    117 0.176649034023 0.185109317303
   182    117 0.946655750275 0.355505228043
   198    117 1.207743167877 0.137514978647
   214    117 0.077799886465 -0.078501299024
   230    117 -0.414711952209 -0.082344383001
   246    117 0.496868371964 -0.325899362564
   262    117 1.006333470345 -0.631609559059
   278    117 1.241727232933 -0.704882860184
   294    117 1.036124229431 -0.060838878155
   310    117 0.533661901951 0.902291655540
   326    117 0.559126973152 0.979460954666
   342    117 0.212301895022 0.172675490379
   358    117 -0.835946381092 -1.124766349792
   374    117 -0.515110373497 -0.494783312082
   390    117 -0.223144248128 0.096062585711
   406    117 -0.121333479881 0.510131299496
   422    117 0.368401587009 0.520099878311
   438    117 0.432672858238 0.347246944904
   454    117 -0.092805847526 -0.030230969191
   470    117 -0.412980765104 -0.503444314003
   486    117 -0.384205669165 -1.133536934853
   502    117 -0.421212732792 -2.055306911469
   518    117 -1.078609347343 -2.721862316132
    22    133 1.247083902359 0.245165437460
    38    133 1.833392739296 0.523545026779
    54    133 0.878271222115 0.373077750206
    70    133 -0.088999658823 0.383216619492
    86    133 -0.351369768381 0.223654881120
   102    133 -0.067023724318 -0.011553972960
   118    133 -0.273763954639 -0.164857953787
   134    133 -0.673259139061 -0.326057255268
   150    133 -0.280255049467 -0.430068999529
   166    133 0.077542155981 -0.395682871342
   182    133 0.497950822115 -0.297896862030
   198    133 0.969395279884 -0.216374188662
   214    133 1.188284993172 -0.097840368748
   230    133 1.354784488678 -0.175170481205
   246    133 0.660736918449 -0.470316469669
   262    133 0.078587770462 -0.688947498798
   278    133 0.382914334536 -0.832869291306
   294    133 0.623355567455 -0.465683549643
   310    133 0.307315230370 0.573570013046
   326    133 0.097846478224 1.151056528091
   342    133 -0.591521143913 0.701322138309
   358    133 -2.031951665878 -1.170607805252
   374    133 -1.445056796074 -0.783134162426
   390    133 -0.845792114735 -0.199134305120
   406    133 -0.267635971308 -0.214942067862
   422    133 0.212297394872 0.047502189875
   438    133 0.504435837269 0.206449940801
   454    133 0.127111837268 0.195361286402
   470    133 -0.216827899218 -0.367255836725
   486    133 -0.303168594837 -1.255155563354
   502    133 -0.398736745119 -1.866334438324
   518    133 -0.502668082714 -2.024013757706
    22    149 1.110649347305 -0.249584913254
    38    149 1.759151220322 0.810138106346
    54    149 0.818118095398 0.854768872261
    70    149 -0.565515875816 0.491525053978
    86    149 -0.790413796902 0.350386559963
   102    149 -0.587433815002 0.311035752296
   118    149 -0.715774238110 0.112733751535
   134    149 -0.858708024025 -0.349595606327
   150    149 -0.344332396984 -0.696589648724
   166    149 -0.150471955538 -0.776372671127
   182    149 0.092704921961 -0.821362376213
   198    149 0.583741724491 -0.858141064644
   214    149 1.099496364594 -0.402236193419
   230    149 1.441109061241 -0.027576252818
   246    149 -0.158851996064 -0.241564780474
   262    149 -0.912233471870 -0.641893982887
   278    149 -0.398728728294 -0.911542236805
   294    149 0.389635026455 -0.785296618938
   310    149 0.150072082877 0.123446270823
   326    149 -0.512713134289 1.326787233353
   342    149 -0.759870946407 1.018846631050
   358    149 -1.355505347252 -1.112330794334
   374    149 -0.815156102180 -1.008949875832
   390    149 -0.389928013086 -0.586702704430
   406    149 -0.172842472792 -0.613104104996
   422    149 -0.015082418919 -0.248413830996
   438    149 0.235993653536 0.099252864718
   454    149 0.177865937352 0.037023186684
   470    149 0.276721209288 -0.391887515783
   486    149 0.202929094434 -1.299672365189
   502    149 -0.285099625587 -1.880792140961
   518    149 -0.482678174973 -1.888023376465
    22    165 -0.654319286346 -1.425273656845
    38    165 -0.181219682097 0.894372999668
    54    165 -0.016771525145 1.336584568024
    70    165 -0.861547112465 1.255759477615
    86    165 -0.923094153404 0.969844639301
   102    165 -0.584813714027 0.939251840115
   118    165 -0.723391532898 0.865725874901
   134    165 -0.802746176720 0.371118307114
   150    165 -0.704053103924 -0.440587282181
   166    165 -0.646336972713 -1.084723711014
   182    165 -0.402349114418 -1.124895095825
   198    165 -0.369787722826 -1.098189592361
   214    165 -0.413310110569 -0.641105830669
   230    165 -0.585924804211 0.218306481838
   246    165 -1.688950657845 0.273932188749
   262    165 -1.454718232155 -0.509935200214
   278    165 -0.577307403088 -1.017723321915
   294    165 -0.178118735552 -0.805181086063
   310    165 -0.656939387321 0.012578532100
   326    165 -0.570153117180 0.946764230728
   342    165 0.349405646324 1.441784858704
   358    165 0.485550522804 -1.710639476776
   374    165 0.660063385963 -1.061097741127
   390    165 0.246337339282 -0.715958178043
   406    165 -0.340456485748 -0.761608839035
   422    165 -0.217665404081 -0.093842715025
   438    165 0.168739587069 0.618549823761
   454    165 0.142803832889 0.112867712975
   470    165 0.299931764603 -0.574493050575
   486    165 0.417201668024 -1.238876461983
   502    165 -0.143774509430 -1.690902590752
   518    165 -0.840049386024 -1.817326784134
    22    181 -0.738771200180 0.321418941021
    38    181 -0.527682304382 0.781952202320
    54    181 -0.690258562565 1.120178818703
    70    181 -0.887900114059 1.074826478958
    86    181 -1.045283317566 1.275202512741
   102    181 -0.456842958927 1.522803664207
   118    181 0.200141489506 1.350913047791
   134    181 0.525014758110 1.004139661789
   150    181 0.579806149006 0.243095606565
   166    181 0.103179052472 -1.025841116905
   182    181 -0.292345464230 -1.043638110161
   198    181 -0.911972284317 -0.867552936077
   214    181 -1.293414235115 -0.221708968282
   230    181 -1.344201087952 0.834715485573
   246    181 -1.735761642456 0.566017746925
   262    181 -0.850256741047 -0.258083999157
   278    181 -0.038462325931 -0.805480539799
   294    181 0.044383823872 -0.766341149807
   310    181 -0.184743732214 -0.553624153137
   326    181 0.510880887508 0.002949029207
   342    181 1.963469743729 1.446594953537
   358    181 2.904953002930 1.049163103104
   374    181 1.725874900818 0.025830402970
   390    181 0.112386405468 -0.575481176376
   406    181 -0.968011736870 -0.832689940929
   422    181 -0.434137940407 0.550150334835
   438    181 0.599339723587 1.671672701836
   454    181 0.770881533623 0.978766798973
   470    181 -0.216543376446 -0.599506974220
   486    181 -0.399596601725 -1.568958163261
   502    181 -0.700659155846 -1.816587090492
   518    181 -1.226341247559 -1.210813164711
    22    197 0.190376386046 0.883814096451
    38    197 -0.036923125386 0.818954288960
    54    197 -0.051331713796 0.694157958031
    70    197 -0.151643812656 0.563025176525
    86    197 -0.831294894218 1.461732268333
   102    197 -0.552113771439 1.691085100174
   118    197 0.331783235073 1.382252454758
   134    197 0.828570663929 0.812668621540
   150    197 1.645037293434 0.083083450794
   166    197 1.508241415024 -0.621043324471
   182    197 0.245047450066 -0.631448745728
   198    197 -1.487618684769 -0.297105371952
   214    197 -2.162071943283 0.556053280830
   230    197 -1.275804281235 1.464756965637
   246    197 -0.619896054268 0.809144973755
   262    197 0.217420727015 0.177696198225
   278    197 0.747794330120 0.036724176258
   294    197 0.563529610634 -0.252839326859
   310    197 0.312553882599 -0.520086288452
   326    197 0.952389299870 -0.208731472492
   342    197 2.076241254807 1.066008567810
   358    197 2.513963699341 1.917405724525
   374    197 1.030229330063 0.825407147408
   390    197 -0.760405838490 -0.498634517193
   406    197 -1.592208147049 -1.129276156425
   422    197 -0.752032399178 0.246192932129
   438    197 0.570874333382 1.857688665390
   454    197 0.992103099823 1.617539882660
   470    197 0.207669854164 -0.369629025459
   486    197 -0.479342013597 -1.648633241653
   502    197 -0.886441171169 -1.784019947052
   518    197 -1.439010620117 -1.009288549423
    22    213 -0.804800033569 0.743537187576
    38    213 0.465646862984 1.323881387711
    54    213 1.061335563660 1.101491928101
    70    213 0.800716876984 0.136630475521
    86    213 0.403603285551 0.657859206200
   102    213 -0.656581163406 0.594828248024
   118    213 -0.130966961384 0.299888700247
   134    213 0.623681545258 0.244104266167
   150    213 1.641574382782 -0.113440394402
   166    213 2.330117702484 -0.440382272005
   182    213 1.545214176178 -0.297673285007
   198    213 -1.669048786163 0.260190665722
   214    213 -1.838880538940 0.899315595627
   230    213 -0.279181182384 0.824683964252
   246    213 0.713290333748 0.429389864206
   262    213 1.169730067253 0.381742358208
   278    213 0.826992988586 0.776650607586
   294    213 0.037154406309 0.633207321167
   310    213 -0.226397603750 0.163763344288
   326    213 0.338402092457 0.295940220356
   342    213 0.812134265900 1.346263289452
   358    213 0.133481383324 1.959349155426
   374    213 -1.489600539207 0.349414646626
   390    213 -1.953105926514 -0.859570503235
   406    213 -2.059501409531 -1.768467187881
   422    213 -1.303280234337 -0.759756565094
   438    213 -0.076293498278 0.743047952652
   454    213 0.341748714447 0.594462096691
   470    213 0.394376456738 -0.504356384277
   486    213 0.038224518299 -1.414014220238
   502    213 -0.556332826614 -1.540821790695
   518    213 -1.677913188934 -1.216265916824
    22    229 -1.565750122070 0.297276437283
    38    229 0.580396652222 1.430182218552
    54    229 1.906837940216 1.942851781845
    70    229 1.816283226013 1.078579545021
    86    229 1.481714367867 0.636504769325
   102    229 0.908503830433 -0.278164505959
   118    229 0.648185372353 -0.910902619362
   134    229 1.195491194725 -0.776746869087
   150    229 1.906786084175 -0.597055912018
   166    229 2.499538183212 -0.451128274202
   182    229 2.070803880692 -0.077257230878
   198    229 0.926415622234 0.682154238224
   214    229 0.136566847563 0.960844218731
   230    229 0.371516913176 0.348768025637
   246    229 1.017300605774 -0.092413544655
   262    229 1.235157728195 0.342244684696
   278    229 0.738603472710 0.986158847809
   294    229 -0.333277642727 0.843339443207
   310    229 -0.876390695572 0.396827220917
   326    229 -0.682178974152 0.657727599144
   342    229 -1.001614093781 1.706055164337
   358    229 -1.825300455093 1.316147089005
   374    229 -2.213576316833 0.060545116663
   390    229 -1.701723694801 -0.592431962490
   406    229 -2.027302503586 -1.691423892975
   422    229 -1.409067630768 -1.049355745316
   438    229 -0.528543829918 0.338091880083
   454    229 -0.022263407707 0.086092680693
   470    229 0.356515645981 -0.706591248512
   486    229 0.276476860046 -1.488673806190
   502    229 -0.565484404564 -1.576554417610
   518    229 -1.948619842529 -1.314007997513
    22    245 -1.276917695999 -1.082950592041
    38    245 0.388404101133 0.086278378963
    54    245 1.671560883522 1.336531400681
    70    245 1.969274997711 1.640937209129
    86    245 1.659574508667 1.211191654205
   102    245 1.320507049561 0.221759080887
   118    245 1.046958565712 -0.618682503700
   134    245 1.246783375740 -1.368356347084
   150    245 1.370230436325 -1.251928329468
   166    245 1.473207235336 -0.595726549625
   182    245 1.489279627800 0.046935811639
   198    245 1.391134500504 1.057880163193
   214    245 0.841227889061 1.532786607742
   230    245 0.458719909191 0.429844439030
   246    245 0.171116262674 -0.703391194344
   262    245 0.392632603645 -0.654605507851
   278    245 0.638598322868 -0.061165042222
   294    245 0.394096136093 0.234468862414
   310    245 -0.020118623972 0.521022260189
   326    245 -0.446314901114 0.732851386070
   342    245 -0.727810382843 1.005568742752
   358    245 -1.424195647240 0.843362808228
   374    245 -1.741956949234 -0.100495934486
   390    245 -0.313994169235 0.452324688435
   406    245 -1.054866552353 -0.710441648960
   422    245 -1.269833326340 -0.589593768120
   438    245 -0.444398641586 0.111094012856
   454    245 0.378432214260 -0.126442164183
   470    245 0.251044601202 -0.562345385551
   486    245 -0.694144010544 -1.084941864014
   502    245 -1.499599218369 -1.561685204506
   518    245 -2.155486583710 -1.746263980865
    22    261 -0.519439101219 -1.340944290161
    38    261 0.034497052431 -0.939297437668
    54    261 0.686398148537 0.372076034546
    70    261 0.990061402321 1.334639310837
    86    261 0.829263091087 1.291041851044
   102    261 1.227255940437 1.129864692688
   118    261 1.072965025902 0.260241270065
   134    261 0.851119875908 -0.905852079391
   150    261 0.849458098412 -1.153466701508
   166    261 1.066586613655 -0.458880364895
   182    261 1.359045267105 0.233460485935
   198    261 1.658297419548 1.351267814636
   214    261 1.101290702820 1.833183884621
   230    261 0.628009736538 0.227226793766
   246    261 0.024698875844 -0.945469856262
   262    261 -0.452467888594 -1.161486506462
   278    261 -0.843271970749 -0.997806429863
   294    261 -0.204389289021 -0.317915439606
   310    261 0.442045152187 0.202016741037
   326    261 0.658117949963 0.789526581764
   342    261 0.043043643236 1.102839708328
   358    261 -0.612829089165 0.865765810013
   374    261 -1.076074838638 0.455970883369
   390    261 -0.677647650242 1.034259319305
   406    261 -0.742951571941 0.788157463074
   422    261 -0.916795492172 0.094984427094
   438    261 -0.412889868021 0.010914757848
   454    261 -0.032771438360 0.077071607113
   470    261 -0.459811449051 0.046874977648
   486    261 -1.349627494812 -0.547512352467
   502    261 -1.655232906342 -1.223014831543
   518    261 -1.322928905487 -1.905406713486
    22    277 -0.533375203609 -2.201699018478
    38    277 -0.065317779779 -1.171302676201
    54    277 -0.147691756487 -0.139030456543
    70    277 -0.225974798203 1.039890527725
    86    277 0.290474891663 1.295498132706
   102    277 1.091990470886 2.418051958084
   118    277 1.681896924973 1.248537063599
   134    277 0.903781890869 -0.474180638790
   150    277 0.310640811920 -0.606331229210
   166    277 0.127850830555 -0.253473490477
   182    277 0.237518846989 0.354263246059
   198    277 0.415961921215 0.874254643917
   214    277 0.277970731258 1.238822817802
   230    277 -0.398742318153 -0.120420098305
   246    277 -0.710598409176 -0.866887032986
   262    277 -1.380601882935 -0.900500774384
   278    277 -1.906283378601 -0.607258439064
   294    277 -1.129929065704 -0.454266488552
   310    277 -0.132408529520 -0.244940057397
   326    277 0.430558890104 0.731639921665
   342    277 0.843839049339 1.934358000755
   358    277 0.260416626930 1.372905373573
   374    277 -0.580953955650 1.133776307106
   390    277 -0.753984570503 1.284476518631
   406    277 -0.101206988096 1.294512271881
   422    277 -0.108144700527 0.733047842979
   438    277 -0.542029380798 0.319020211697
   454    277 -0.791605830193 0.388073593378
   470    277 -0.891695201397 0.376950323582
   486    277 -1.122865438461 -0.215008378029
   502    277 -0.796198010445 -0.845065414906
   518    277 0.039857625961 -1.851644277573
    22    293 -0.328990340233 -0.370840311050
    38    293 0.018322214484 -0.705847680569
    54    293 -0.290220469236 -0.351295948029
    70    293 -0.297798126936 0.160474836826
    86    293 0.175449058414 1.006483078003
   102    293 0.590083599091 1.858839392662
   118    293 1.344535470009 0.750358462334
   134    293 1.358163833618 0.145301938057
   150    293 0.513910591602 0.063519045711
   166    293 -1.084608316422 -0.141534104943
   182    293 -1.421702980995 0.169109791517
   198    293 -1.584971189499 0.287909060717
   214    293 -1.719600081444 0.392141342163
   230    293 -1.930492758751 -0.343026041985
   246    293 -2.128863096237 -1.121434450150
   262    293 -2.054005146027 -1.361641883850
   278    293 -1.221060037613 -0.869242370129
   294    293 -0.911731958389 -0.666485369205
   310    293 -0.574543654919 -0.316906273365
   326    293 -0.145802587271 0.348496049643
   342    293 0.103676632047 1.214348316193
   358    293 0.799505054951 2.358144044876
   374    293 -0.226336300373 1.476277351379
   390    293 -0.246620416641 0.893050432205
   406    293 0.332328855991 0.897001624107
   422    293 0.309202760458 0.669633328915
   438    293 -0.600021421909 0.162816211581
   454    293 -0.957947611809 0.488127171993
   470    293 -0.498656809330 0.610392928123
   486    293 -0.102444231510 -0.305621325970
   502    293 0.853603065014 -1.034034967422
   518    293 1.484839200974 -1.772656440735
    22    309 -1.543721199036 0.628623485565
    38    309 -0.043990850449 0.989379167557
    54    309 0.237840235233 -1.092975854874
    70    309 0.121546536684 -1.467377662659
    86    309 -0.001693733037 -0.535126924515
   102    309 -0.124558538198 1.266155958176
   118    309 0.076276883483 0.287917912006
   134    309 0.758783459663 0.825725436211
   150    309 0.820527195930 0.796031713486
   166    309 -0.867229878902 0.496239662170
   182    309 -2.437829494476 0.164728909731
   198    309 -2.898978948593 -0.444750070572
   214    309 -2.159175157547 -0.353148937225
   230    309 -1.654963254929 -0.126087486744
   246    309 -1.569406628609 -0.936943531036
   262    309 -0.982993006706 -1.405556321144
   278    309 -0.812092065811 -1.038457989693
   294    309 -0.690086603165 -0.399773627520
   310    309 -0.414891064167 0.143154740334
   326    309 -0.435189336538 0.232988506556
   342    309 -0.792623758316 0.998748123646
   358    309 -1.057558774948 2.388847351074
   374    309 -0.674369931221 1.887850046158
   390    309 -0.044742643833 0.417921185493
   406    309 0.535599350929 0.466940015554
   422    309 0.174203395844 -0.157273709774
   438    309 -0.358169615269 -0.443137884140
   454    309 -0.397566199303 -0.231640309095
   470    309 0.452246129513 -0.137043863535
   486    309 1.736839652061 -0.362248957157
   502    309 2.042142391205 -0.871199369431
   518    309 -1.512021541595 -1.369729042053
