22.0 21.0 -282.21560921632954 630.9317701737295 691.17333984375
38.0 21.0 -324.32104702649696 92.6958922924426 337.3079833984375
54.0 21.0 -55.8731377765241 22.484115655345256 60.2274284362793
70.0 21.0 118.71345603780948 324.3833657596749 345.423583984375
86.0 21.0 296.9275241221429 -3.70930256474162 296.95068359375
102.0 21.0 521.2418445626824 -123.98081828343015 535.7838134765625
118.0 21.0 394.3418407051283 -393.64733625553254 557.1926879882812
134.0 21.0 4.9433075847164565 -654.083064223881 654.1017456054688
150.0 21.0 43.36510727882819 -819.5053787372397 820.6519165039062
166.0 21.0 370.7647222603979 -897.0556977305314 970.6572265625
182.0 21.0 520.4794977317356 -481.99262595213696 709.3770751953125
198.0 21.0 408.19429880731724 -91.41166525231199 418.3045349121094
214.0 21.0 236.02705138513448 -22.67887249586893 237.11410522460938
230.0 21.0 -8.29370633137637 13.657744262580628 15.978721618652344
246.0 21.0 -168.63321485828175 98.05788660874933 195.07052612304688
262.0 21.0 2.0182424448565497 102.85652485688126 102.87632751464844
278.0 21.0 155.71147618178946 279.8714251151209 320.2718811035156
294.0 21.0 134.55249713769305 330.09425190833196 356.4640197753906
310.0 21.0 -41.002259189523485 356.169725575251 358.52203369140625
326.0 21.0 -293.58287270583793 469.0299990194025 553.3353881835938
342.0 21.0 -255.8384787573266 418.6108676811046 490.60003662109375
358.0 21.0 -131.81632799586075 45.45421159142511 139.43324279785156
374.0 21.0 -78.65138341569057 -80.42696403505938 112.49238586425781
390.0 21.0 -159.5881643858133 51.33097740282172 167.64024353027344
406.0 21.0 -320.6281042718438 -106.1154489847479 337.7319641113281
422.0 21.0 -245.22014654493483 -422.66405005082726 488.64898681640625
438.0 21.0 204.7732841519899 -143.71176894256016 250.1702880859375
454.0 21.0 418.9382472521819 -241.36937999321236 483.4960632324219
470.0 21.0 459.7839543457348 -170.56100293627048 490.4001770019531
486.0 21.0 421.50105615656474 -107.46241328378566 434.9842529296875
502.0 21.0 242.71838444121389 -138.55683889148207 279.4820556640625
518.0 21.0 -122.38560237931384 -315.100316644158 338.033203125
22.0 37.0 -71.30949371021023 477.386372537449 482.68292236328125
38.0 37.0 -53.282664514995254 141.74888070473642 151.4324493408203
54.0 37.0 -176.53790945247036 -123.2674187966575 215.3148651123047
70.0 37.0 -57.68404101728928 197.50339442834564 205.7548065185547
86.0 37.0 113.20943147543508 -38.88724915347413 119.70210266113281
102.0 37.0 250.42363806548397 -237.1182508387392 344.8725280761719
118.0 37.0 287.6707813314041 -195.90869393811326 348.0440979003906
134.0 37.0 123.00386533733767 -310.0295316101089 333.53900146484375
150.0 37.0 42.49739518196508 -675.5924249560668 676.927734375
166.0 37.0 228.443292286385 -622.5541338135255 663.14404296875
182.0 37.0 235.20983633768483 -345.48103287631136 417.9483337402344
198.0 37.0 269.9436644694109 -166.9243709980794 317.3851318359375
214.0 37.0 194.70310647128085 -84.73226198907558 212.34136962890625
230.0 37.0 -100.50212556547883 44.95410408165334 110.09790802001953
246.0 37.0 -175.8815818338626 75.38161668605088 191.35494995117188
262.0 37.0 -142.04135777340574 157.5372529976253 212.1172637939453
278.0 37.0 -146.79102314903776 498.61130557040235 519.7699584960938
294.0 37.0 -219.26551744110492 587.4592345377325 627.0452270507812
310.0 37.0 -271.772599449843 582.7129546478184 642.9733276367188
326.0 37.0 -136.5542832185955 726.670727607656 739.389892578125
342.0 37.0 89.40741499157963 693.3631863169977 699.1038208007812
358.0 37.0 243.49384548978855 256.8330139051622 353.91021728515625
374.0 37.0 232.22721588927152 22.829425935081463 233.34666442871094
390.0 37.0 118.04345299568266 46.515541806316044 126.8777084350586
406.0 37.0 -110.47388618914371 -271.7074725854477 293.3077392578125
422.0 37.0 -286.21676700731535 -773.0709925051451 824.3535766601562
438.0 37.0 -181.54200084464335 -588.9018118547739 616.2490234375
454.0 37.0 -125.85131354336266 -468.57849570828785 485.18487548828125
470.0 37.0 -95.4792900011249 -373.4507164163421 385.4630126953125
486.0 37.0 49.668111048283635 -189.99315760318967 196.3780059814453
502.0 37.0 138.0813974069048 -41.076749741556725 144.0616912841797
518.0 37.0 -61.643858620100936 78.13493337529805 99.52403259277344
22.0 53.0 23.934110350060394 -4.520603185773109 24.357288360595703
38.0 53.0 -47.688537371495656 -51.56781756349203 70.2384262084961
54.0 53.0 -143.710888452486 -108.96603637778034 180.35081481933594
70.0 53.0 -65.01832130610009 45.16205916982196 79.16434478759766
86.0 53.0 74.88114573325059 27.353241865450194 79.72067260742188
102.0 53.0 19.562042250233507 2.799938714578777 19.76140594482422
118.0 53.0 -33.998656026348314 58.89733702243067 68.00592041015625
134.0 53.0 65.33718222666826 33.12487466862664 73.25438690185547
150.0 53.0 182.34969543938385 -57.86463005726356 191.310546875
166.0 53.0 279.07749497904535 -118.94336111468337 303.3674011230469
182.0 53.0 120.29902226321776 -330.08252752915433 351.3208312988281
198.0 53.0 347.5293956809596 -509.8114288662712 616.9962768554688
214.0 53.0 227.5473381988472 -187.49511072821846 294.8426818847656
230.0 53.0 -99.35298625119253 127.43594354775799 161.5887908935547
246.0 53.0 -83.37511862176305 135.29017956911667 158.917724609375
262.0 53.0 -68.18360993879378 155.35251302279545 169.65673828125
278.0 53.0 -148.22132253421663 464.46810474341623 487.5450439453125
294.0 53.0 -280.990865860585 640.5285491492066 699.4517211914062
310.0 53.0 -255.97617784729442 504.86081758548147 566.046142578125
326.0 53.0 7.094288622930351 496.65830311642196 496.7089538574219
342.0 53.0 377.4108565963214 618.4598728469025 724.5216064453125
358.0 53.0 447.17962095235106 433.7955869257985 623.0154418945312
374.0 53.0 311.6396398082731 126.57565425184232 336.3638916015625
390.0 53.0 202.74234206684835 55.99492245330528 210.3328094482422
406.0 53.0 4.871728317091119 -159.2711386116512 159.3456268310547
422.0 53.0 -260.7403208770324 -560.283175930882 617.9827880859375
438.0 53.0 -375.3754736608307 -660.793281821205 759.9700927734375
454.0 53.0 -473.97796772806123 -458.69724457242773 659.5894775390625
470.0 53.0 -426.54981836204723 -385.7171330073381 575.084716796875
486.0 53.0 -239.328040093519 -210.62043778774523 318.80853271484375
502.0 53.0 -52.47202859398009 7.769716756225941 53.04415512084961
518.0 53.0 94.86423660810723 133.19826159306805 163.52676391601562
22.0 69.0 -84.75266191512013 -257.73615486258007 271.3133544921875
38.0 69.0 -66.28978843489182 -177.05027534340624 189.0532684326172
54.0 69.0 -99.09562720120705 -9.255163473695598 99.52688598632812
70.0 69.0 -60.975971332946656 131.4013428189489 144.85986328125
86.0 69.0 -72.42421756692676 161.20254493150415 176.7244415283203
102.0 69.0 -55.18725840621596 178.38018377864606 186.7220458984375
118.0 69.0 48.056313820195406 138.42289936018162 146.52749633789062
134.0 69.0 132.48610739672012 194.4874732443273 235.3251953125
150.0 69.0 239.9325965151191 220.88995128793627 326.12884521484375
166.0 69.0 320.1460421889999 130.37564398809047 345.6751403808594
182.0 69.0 183.03169473146176 -518.8119272469992 550.1512451171875
198.0 69.0 174.1607813094632 -808.7470344249222 827.2869873046875
214.0 69.0 -186.43693251648662 -194.1285102314888 269.1553649902344
230.0 69.0 -419.4267361139393 88.52314746134219 428.66668701171875
246.0 69.0 -105.36549086519875 125.67062917913316 163.99693298339844
262.0 69.0 58.72925170819426 -9.588490328132952 59.506839752197266
278.0 69.0 30.512234755805174 244.61543346664757 246.5110626220703
294.0 69.0 17.014722256959214 472.90933904761874 473.21533203125
310.0 69.0 34.15999025600002 373.76540848766916 375.32318115234375
326.0 69.0 21.521822809371002 61.58099793740429 65.23348999023438
342.0 69.0 66.47583560352689 43.38912052800108 79.38294982910156
358.0 69.0 207.39639305487557 292.761230897344 358.779052734375
374.0 69.0 155.36497611578656 172.23495136694612 231.95506286621094
390.0 69.0 126.1837496562064 80.28344832151882 149.55859375
406.0 69.0 113.75275953761464 -71.0248690017832 134.1052703857422
422.0 69.0 -51.58390568303999 -223.23016119204308 229.11264038085938
438.0 69.0 -460.9617517433722 -217.95021520759397 509.8902282714844
454.0 69.0 -694.4407925312041 -187.51114406558298 719.3110961914062
470.0 69.0 -469.48763135891755 -163.33622186806812 497.0888977050781
486.0 69.0 -404.8394132441919 -186.48341476029177 445.72528076171875
502.0 69.0 -251.6497182471914 -204.6834639631671 324.38079833984375
518.0 69.0 130.879719297471 -167.33668783206468 212.44073486328125
22.0 85.0 -176.81319783855392 -128.82765373852462 218.76808166503906
38.0 85.0 -34.51489926409903 -40.97943199637333 53.57790756225586
54.0 85.0 4.062992373489802 211.41268909536694 211.45172119140625
70.0 85.0 -94.22164773142727 304.5162180527622 318.7598571777344
86.0 85.0 -49.0787726268677 185.70964476259172 192.08538818359375
102.0 85.0 103.06361810001214 -30.31394472134946 107.42925262451172
118.0 85.0 290.53138530685663 -18.426307396267667 291.1151123046875
134.0 85.0 384.2539863590069 325.1258182377536 503.3467102050781
150.0 85.0 315.39607298608365 371.9013109108834 487.6322937011719
166.0 85.0 228.10241937980484 249.19037870095636 337.82623291015625
182.0 85.0 59.0127228117191 -86.65912124384924 104.84419250488281
198.0 85.0 -157.07944477906844 -398.21418170563805 428.0753173828125
214.0 85.0 -427.60555697030395 -178.95956401303195 463.54400634765625
230.0 85.0 -492.0115574773774 -24.246062030283763 492.6086120605469
246.0 85.0 -56.727939291308275 -20.73732670475939 60.39946746826172
262.0 85.0 203.01685478029043 -220.15360889240782 299.4719543457031
278.0 85.0 259.54685778748825 -195.1813334709785 324.7465515136719
294.0 85.0 273.1952946782218 97.96344516944687 290.2283630371094
310.0 85.0 348.1976906211704 165.5397155483275 385.54510498046875
326.0 85.0 188.1690183230815 -107.77068466444086 216.84579467773438
342.0 85.0 -98.17788014103162 -252.7047708884835 271.10626220703125
358.0 85.0 -108.56945520011475 -58.488863908654125 123.32183074951172
374.0 85.0 -43.8056542861977 29.85013884673775 53.00911331176758
390.0 85.0 47.706067959535176 8.243778933196465 48.41310501098633
406.0 85.0 345.715781196973 4.317730753227136 345.74273681640625
422.0 85.0 358.00722589587855 93.70908896507697 370.0683288574219
438.0 85.0 -29.015091416887365 164.91642632061186 167.44940185546875
454.0 85.0 -241.40193756781167 97.38961347597385 260.3067932128906
470.0 85.0 -250.17728089764634 -53.608826725851124 255.85655212402344
486.0 85.0 -276.559149343931 -132.66321875486136 306.7319641113281
502.0 85.0 -304.5443840232659 -410.0254254163922 510.75250244140625
518.0 85.0 -92.52097505919747 -661.243070422123 667.6844482421875
22.0 101.0 -202.1024805742615 170.02654481009995 264.11065673828125
38.0 101.0 -7.906797411232015 226.47885671965344 226.61683654785156
54.0 101.0 136.44260171347824 282.5409311787392 313.760986328125
70.0 101.0 133.79395883915643 232.51453579118385 268.2607421875
86.0 101.0 244.15922269330275 5.16129256218698 244.21377563476562
102.0 101.0 411.5534954564007 -98.22745708447583 423.11334228515625
118.0 101.0 215.23554373322955 -166.42669436187242 272.0738525390625
134.0 101.0 45.05323926217834 -12.022214494598684 46.62969207763672
150.0 101.0 99.68816838113598 295.16663142508804 311.5462646484375
166.0 101.0 150.47468090760717 236.21893589664526 280.07501220703125
182.0 101.0 130.00841105622905 65.90862165479084 145.76052856445312
198.0 101.0 106.21941243917975 -162.1247167597714 193.82205200195312
214.0 101.0 -313.17470856449967 -123.07281158961511 336.48968505859375
230.0 101.0 -476.03254583589114 -150.67497117806812 499.3094482421875
246.0 101.0 -97.8820474773182 -71.54400184663481 121.24124145507812
262.0 101.0 230.3980419092727 -166.67668040319543 284.3666076660156
278.0 101.0 358.7382604375074 -202.19329462161994 411.795166015625
294.0 101.0 398.977858038056 -74.45892326491256 405.8663024902344
310.0 101.0 420.0044727697531 -10.858450140264793 420.1448059082031
326.0 101.0 215.25258167510424 -63.74645905947423 224.49339294433594
342.0 101.0 -21.97862319263213 -252.9549990214064 253.9080352783203
358.0 101.0 -102.31254131541259 -187.82096511111934 213.8798065185547
374.0 101.0 -104.55326882293942 -16.080819753558227 105.78269958496094
390.0 101.0 -0.5929313620668285 7.939513208444916 7.961622714996338
406.0 101.0 247.67725123213154 53.239102589905734 253.33460998535156
422.0 101.0 364.32774295468676 252.03817753427066 443.0101013183594
438.0 101.0 130.70965952923416 258.1270952584328 289.33477783203125
454.0 101.0 -93.18549863414655 115.31230254539686 148.2581024169922
470.0 101.0 -183.11655018706296 17.17795147744896 183.92050170898438
486.0 101.0 -175.76467254972283 -68.06192844092166 188.48248291015625
502.0 101.0 -115.61414664293086 -410.85605643823993 426.81298828125
518.0 101.0 -157.15830904788194 -840.2631136379979 854.8338012695312
22.0 117.0 93.27388284293043 318.9154397384928 332.2756042480469
38.0 117.0 185.38553642251057 437.6199736192002 475.267333984375
54.0 117.0 326.09602777160586 169.34327292820169 367.4449157714844
70.0 117.0 160.02069070493144 152.0574645846315 220.74441528320312
86.0 117.0 161.03693761492318 15.830203040544886 161.81314086914062
102.0 117.0 253.4886964369098 -14.792644828643304 253.91995239257812
118.0 117.0 32.41012315205866 -64.77261983789626 72.42864227294922
134.0 117.0 -348.9592046210412 -294.7308068565147 456.7699279785156
150.0 117.0 -116.58174098403481 -78.09572650166133 140.32192993164062
166.0 117.0 59.16884706540718 63.52457081409477 86.81200408935547
182.0 117.0 223.82543831083578 -3.6240538597868928 223.8547821044922
198.0 117.0 286.84202940265874 -23.59087910148044 287.81048583984375
214.0 117.0 111.5880687619211 136.61207714502464 176.3937530517578
230.0 117.0 -174.50258086623643 -126.77930718862736 215.69456481933594
246.0 117.0 93.91948547945685 -151.53495177787906 178.2798614501953
262.0 117.0 297.4548037994252 -156.1061942414356 335.9293212890625
278.0 117.0 312.43565589483177 -184.2085660288335 362.6966247558594
294.0 117.0 319.3008978994889 -42.08867144176026 322.06292724609375
310.0 117.0 165.65966057985108 128.39092268501102 209.58853149414062
326.0 117.0 -119.41523216606697 53.909434960523015 131.0199432373047
342.0 117.0 -170.1347358583386 -188.64513806598302 254.03309631347656
358.0 117.0 -186.406714839116 -173.44097319408067 254.61585998535156
374.0 117.0 -216.33320782469883 54.55234857962652 223.1053924560547
390.0 117.0 -161.76015776491766 69.57341284080731 176.08750915527344
406.0 117.0 50.41762678902825 61.91902402538672 79.84925079345703
422.0 117.0 220.79950733424235 206.55864772794484 302.3555908203125
438.0 117.0 122.24401090772585 298.50099801037567 322.56231689453125
454.0 117.0 -87.75358935088641 211.58934209956885 229.06492614746094
470.0 117.0 -165.98180818945917 100.89928533007351 194.2437286376953
486.0 117.0 -96.83301734505824 -64.02528855863574 116.08561706542969
502.0 117.0 -50.87630675646821 -357.5153805744156 361.1172180175781
518.0 117.0 -64.89580906372377 -668.1858050037387 671.329833984375
22.0 133.0 455.0530155660395 310.8952345522337 551.1162109375
38.0 133.0 733.1592486742287 277.53097773909195 783.9298095703125
54.0 133.0 434.0020389636554 61.36094175198722 438.31829833984375
70.0 133.0 -24.222157281011587 38.620868866526926 45.58820343017578
86.0 133.0 -9.788086880758604 72.0206685399575 72.68275451660156
102.0 133.0 242.26709071364175 -2.692853605700329 242.2820587158203
118.0 133.0 293.64402400624977 -21.60168772896746 294.4375
134.0 133.0 -117.22103834447707 -334.6015594003833 354.54052734375
150.0 133.0 -109.5507817144989 -229.26334329250932 254.0926055908203
166.0 133.0 -27.129888303684837 -85.37251563049331 89.57955932617188
182.0 133.0 80.2606675396133 -83.74449896394039 115.99532318115234
198.0 133.0 121.62266869202716 47.21203775892946 130.46475219726562
214.0 133.0 254.10098921680935 123.86946206489347 282.6852722167969
230.0 133.0 384.9684656236226 -18.466002865178254 385.4111022949219
246.0 133.0 261.20532932432934 -228.12421403283486 346.79803466796875
262.0 133.0 125.2626308871438 -273.6016836314096 300.9129638671875
278.0 133.0 -39.38220601814945 -210.6749501043658 214.3242645263672
294.0 133.0 -28.148523952790736 -0.20918731503320487 28.149301528930664
310.0 133.0 -93.819523239244 131.1898485672859 161.2850799560547
326.0 133.0 -229.55889400988656 144.22471802107418 271.1052551269531
342.0 133.0 -383.22482906665704 12.218523781739972 383.4195556640625
358.0 133.0 -548.1822461660944 -111.59355661315399 559.4254760742188
374.0 133.0 -375.0491993841851 36.528263265225405 376.8238525390625
390.0 133.0 -211.9116419984165 19.955207786024353 212.84913635253906
406.0 133.0 40.8820137631465 -73.67131019317989 84.25437927246094
422.0 133.0 77.51632379290724 19.986106947024883 80.0513916015625
438.0 133.0 19.008915785167314 148.5286212144679 149.74008178710938
454.0 133.0 -31.766003991272026 209.53384553822693 211.92808532714844
470.0 133.0 -96.70704659507182 45.35263751565424 106.8134536743164
486.0 133.0 -86.48561102669062 -112.90439939620212 142.22222900390625
502.0 133.0 -122.3624244180851 -331.4977474552351 353.36004638671875
518.0 133.0 -71.9306033732298 -565.3843906569662 569.9417114257812
22.0 149.0 391.3555847302253 18.677340755142673 391.801025390625
38.0 149.0 610.3350902428878 280.6963289192206 671.7881469726562
54.0 149.0 369.9826315957186 168.40656556572742 406.5069580078125
70.0 149.0 -120.63718983969345 44.25898220719459 128.499755859375
86.0 149.0 -64.68190683512789 111.27836063945472 128.71139526367188
102.0 149.0 122.19191219273067 42.24353489826894 129.28797912597656
118.0 149.0 56.72614478262847 30.314568983285113 64.31818389892578
134.0 149.0 -439.93867461333474 -162.4061472096337 468.95819091796875
150.0 149.0 -417.7750991671052 -275.7013500648394 500.5469665527344
166.0 149.0 -122.1420609449498 -166.5812187539969 206.5623016357422
182.0 149.0 -28.28588844673222 -140.8043760852605 143.61741638183594
198.0 149.0 17.259678719502038 -108.16873077974222 109.53707885742188
214.0 149.0 201.15724232085583 -118.90662914788868 233.6728973388672
230.0 149.0 511.0162493350567 -18.73764064294911 511.3596496582031
246.0 149.0 175.26321074666828 -86.25023720546929 195.33636474609375
262.0 149.0 -163.38429053886287 -241.01211625226247 291.1722412109375
278.0 149.0 -451.41578368475155 -306.90797151034144 545.8651123046875
294.0 149.0 -224.3160820999598 -229.86338073003287 321.1773376464844
310.0 149.0 -197.66133932454554 -121.55241846602839 232.0452423095703
326.0 149.0 -368.57366886517343 120.41642006957939 387.74560546875
342.0 149.0 -475.9039114038628 170.5929073341478 505.55560302734375
358.0 149.0 -438.3256078006228 -277.6307993937963 518.852783203125
374.0 149.0 -146.36753288697895 -225.3182447414049 268.68524169921875
390.0 149.0 52.90622344511898 -146.0249448768731 155.313720703125
406.0 149.0 110.53767731002524 -185.56971788644782 215.9969940185547
422.0 149.0 -20.267917280682337 -97.05209462014008 99.14584350585938
438.0 149.0 -112.3754696728417 28.25165875721933 115.87235260009766
454.0 149.0 -125.82203363614393 43.2327919561193 133.0423126220703
470.0 149.0 -80.76329752636329 -55.806202745492435 98.16844177246094
486.0 149.0 -122.6883717347035 -179.47098370212646 217.3988800048828
502.0 149.0 -250.30937800626663 -381.85887578596333 456.58624267578125
518.0 149.0 -265.0065570873814 -577.9497814491449 635.81005859375
22.0 165.0 -162.7814732948575 -23.148987679634523 164.4192352294922
38.0 165.0 54.08246706396276 345.97960833706276 350.18109130859375
54.0 165.0 71.11659867657626 210.4961733764987 222.18507385253906
70.0 165.0 -225.02342983721368 150.42689665099613 270.6728515625
86.0 165.0 -244.73595397353574 179.52646679506398 303.521728515625
102.0 165.0 -106.8650548840808 305.3455246946287 323.5058288574219
118.0 165.0 -186.41558063240214 349.49857086499554 396.1060791015625
134.0 165.0 -388.89697255269346 188.49965894098082 432.1723937988281
150.0 165.0 -423.4236864941208 -180.55050830522018 460.3108825683594
166.0 165.0 -280.10293531288966 -313.35165289417586 420.2938537597656
182.0 165.0 -213.05629564421824 -247.17748396107783 326.32757568359375
198.0 165.0 -154.60262090609208 -247.15893278101544 291.52960205078125
214.0 165.0 35.55541806342621 -241.44083855556494 244.0447998046875
230.0 165.0 156.2624702724417 -41.298819113179405 161.62782287597656
246.0 165.0 -150.85346819447145 129.61961759850604 198.8919677734375
262.0 165.0 -174.88908681046797 -11.476404251008717 175.26522827148438
278.0 165.0 -90.6516392083226 -322.2151530198687 334.7242431640625
294.0 165.0 -70.68587968989188 -371.7439642678492 378.4046325683594
310.0 165.0 -243.86369103785822 -209.39676006967764 321.4288330078125
326.0 165.0 -374.9043728391382 66.76050841976493 380.8021240234375
342.0 165.0 -177.9156175989992 358.12394382053486 399.8833923339844
358.0 165.0 -34.32513162004613 -492.0171348028282 493.2130126953125
374.0 165.0 208.54318891232865 -421.4338525897263 470.2092590332031
390.0 165.0 212.20148459722813 -236.77811881772456 317.9518127441406
406.0 165.0 59.582635819598465 -191.14318863340435 200.2144012451172
422.0 165.0 3.336908392451454 -27.630413618567744 27.8311824798584
438.0 165.0 -25.562856130226642 208.32417844500924 209.88668823242188
454.0 165.0 -117.62820501571935 98.61338303510657 153.49591064453125
470.0 165.0 -82.93471736468604 -82.65934606547741 117.09284973144531
486.0 165.0 -64.74572069003541 -193.7218732972579 204.2551727294922
502.0 165.0 -187.888389720675 -370.1572005770765 415.1125183105469
518.0 165.0 -287.8705076654424 -494.2081658513607 571.936279296875
22.0 181.0 -207.68121502757964 565.0940976747748 602.048828125
38.0 181.0 -55.05660064156314 363.3811205927134 367.5283203125
54.0 181.0 -137.8989241177186 169.8769829037823 218.80197143554688
70.0 181.0 -371.52483875245713 174.81250199446902 410.5972595214844
86.0 181.0 -459.7822833594846 348.3538260190132 576.844970703125
102.0 181.0 -236.58564972406958 563.3105656359548 610.9758911132812
118.0 181.0 96.34807544720294 583.618077004329 591.517578125
134.0 181.0 222.48291389205448 381.0479047021723 441.2438659667969
150.0 181.0 208.52323278761028 90.55981775714099 227.3389892578125
166.0 181.0 75.1516614186833 -191.28162965793248 205.51504516601562
182.0 181.0 -181.34590788340807 -177.91288017045892 254.04592895507812
198.0 181.0 -260.09267090567863 -207.80344198820114 332.912109375
214.0 181.0 -153.090156129937 -160.815051322683 222.03170776367188
230.0 181.0 -199.0170381610148 84.37391137957496 216.16368103027344
246.0 181.0 -312.0155404942698 224.37303780373352 384.3136291503906
262.0 181.0 -67.00683171020474 118.21715952098242 135.8867645263672
278.0 181.0 135.6248332225521 -94.49349962519169 165.29705810546875
294.0 181.0 34.48461664373601 -135.400569988934 139.7229461669922
310.0 181.0 -112.54528387304765 -124.7517883911303 168.01622009277344
326.0 181.0 71.926007131069 8.562310352714533 72.4338607788086
342.0 181.0 502.7432170892494 506.34467669217736 713.5374145507812
358.0 181.0 417.77949187491123 0.21836923490440982 417.779541015625
374.0 181.0 557.5041392609879 -156.34593411127128 579.0120239257812
390.0 181.0 131.909034772565 -209.84129757934866 247.8575439453125
406.0 181.0 -128.09025224198646 -236.76318279816329 269.19122314453125
422.0 181.0 9.819865465893884 177.12276781434065 177.394775390625
438.0 181.0 182.82944107843423 581.0787321546522 609.16259765625
454.0 181.0 197.8700302224496 403.3111961721094 449.2354431152344
470.0 181.0 -19.872394108438026 -18.36685969441512 27.060184478759766
486.0 181.0 -125.31159175038056 -285.5437161571503 311.8304138183594
502.0 181.0 -146.38239383106128 -394.9135978507459 421.17047119140625
518.0 181.0 -298.70849034587815 -383.51932496777454 486.1212158203125
22.0 197.0 166.01461420451614 398.17569411167455 431.3985900878906
38.0 197.0 176.48987161857133 245.0864420912621 302.0199279785156
54.0 197.0 -7.053607868705488 92.00385256431902 92.27384185791016
70.0 197.0 -151.3784484199037 157.77675967906987 218.65255737304688
86.0 197.0 -475.01037834447175 467.99154805133134 666.821533203125
102.0 197.0 -453.93325068049126 477.73245762421357 659.0020751953125
118.0 197.0 -90.12332585356967 402.4854057563238 412.45208740234375
134.0 197.0 88.63485306307369 146.65581043213678 171.3594512939453
150.0 197.0 300.39180118539883 2.575440371346088 300.40283203125
166.0 197.0 319.0422398765263 -66.20361269681399 325.8387145996094
182.0 197.0 66.73374242530177 -125.21106482685622 141.8844757080078
198.0 197.0 -235.12469372640737 -163.85572404693943 286.5873718261719
214.0 197.0 -380.33317691073944 30.825934065623304 381.5803527832031
230.0 197.0 -429.78813165356064 272.74376978638094 509.0255432128906
246.0 197.0 -167.41340755052883 265.19383193038544 313.61602783203125
262.0 197.0 195.78986793771426 382.0250501317694 429.2747497558594
278.0 197.0 212.2080481322661 322.82469173889575 386.3263244628906
294.0 197.0 164.3589194271314 99.15457323426465 191.9517822265625
310.0 197.0 206.82192763216636 -30.790133093439664 209.1012725830078
326.0 197.0 459.3321833169819 42.10527062966802 461.2579650878906
342.0 197.0 753.8711762482224 300.0453048198354 811.3870239257812
358.0 197.0 488.4082744587808 199.4135952178317 527.5494384765625
374.0 197.0 409.400720608639 106.27842831440891 422.97052001953125
390.0 197.0 -183.539045777309 -194.98658475118376 267.7804260253906
406.0 197.0 -444.1891693705689 -470.778777571191 647.253173828125
422.0 197.0 -125.59260461359075 221.28246583232544 254.439453125
438.0 197.0 266.6830047047848 654.5300494873267 706.77392578125
454.0 197.0 478.2191783326725 566.0892379929975 741.0469970703125
470.0 197.0 483.93918776580193 185.09256332534477 518.1278076171875
486.0 197.0 85.63383732173153 -330.2711604930501 341.19232177734375
502.0 197.0 -161.34589542283865 -406.1083299779727 436.98565673828125
518.0 197.0 -478.11875971905835 -319.63995165556844 575.1236572265625
22.0 213.0 -212.37705531900065 -299.7590385241426 367.36834716796875
38.0 213.0 169.03224671606307 91.21543947949358 192.0733184814453
54.0 213.0 413.38117188098863 168.8306267418593 446.5285949707031
70.0 213.0 384.43561454396905 104.73429123393959 398.4469909667969
86.0 213.0 41.40247951397335 298.25478996486373 301.11474609375
102.0 213.0 -237.00799721342847 124.3031756218794 267.6267395019531
118.0 213.0 -130.8723895946271 -65.93028876509494 146.54141235351562
134.0 213.0 46.90775467037042 -120.97011191866407 129.74630737304688
150.0 213.0 264.7812973009437 -126.38267759272988 293.3968505859375
166.0 213.0 533.6371952271785 -82.75717965855189 540.01611328125
182.0 213.0 587.7470455496131 -98.98399214698085 596.0238647460938
198.0 213.0 16.718200020678374 -46.70535545410546 49.60734176635742
214.0 213.0 -267.46998205940037 178.21178692700775 321.402587890625
230.0 213.0 -133.8891669662911 242.70280883144736 277.1839904785156
246.0 213.0 140.77278214152847 196.9785091197987 242.11053466796875
262.0 213.0 298.2434951257821 502.5784581845295 584.4093627929688
278.0 213.0 265.021634722724 510.713686647354 575.3824462890625
294.0 213.0 176.79741943757026 201.26411278953296 267.88909912109375
310.0 213.0 235.41388667545152 52.65069238162089 241.22975158691406
326.0 213.0 433.4791428141482 88.04678918527965 442.3306579589844
342.0 213.0 618.8186969021712 276.7505095730153 677.884521484375
358.0 213.0 245.74651616951573 329.85995924499053 411.3379821777344
374.0 213.0 -248.70523965059843 -14.423597770654812 249.12313842773438
390.0 213.0 -591.4980655646583 -275.61054655786944 652.557373046875
406.0 213.0 -642.2936895103659 -612.9281131405135 887.8187255859375
422.0 213.0 -395.16632914917807 -236.7849799072474 460.6772766113281
438.0 213.0 -68.72325391478714 220.62235548807845 231.07814025878906
454.0 213.0 167.68118597074206 107.03317719828728 198.92984008789062
470.0 213.0 391.5860560390631 -32.12794320648091 392.9018249511719
486.0 213.0 340.67525289774136 -261.55809190547075 429.5023498535156
502.0 213.0 -77.28924315868525 -277.2918193629507 287.8617248535156
518.0 213.0 -615.9994106274756 -211.35313016059595 651.2491455078125
22.0 229.0 -583.1969141312179 -465.3157453897009 746.0813598632812
38.0 229.0 -28.16801348141957 2.2817931210810887 28.260282516479492
54.0 229.0 404.9345821070548 375.97025909643526 552.5628051757812
70.0 229.0 496.10240651332134 474.71390240077955 686.6373901367188
86.0 229.0 309.7931542350287 207.10714060750269 372.64617919921875
102.0 229.0 133.59123888750165 -149.87361380847304 200.7703094482422
118.0 229.0 76.67115241780537 -296.488991275126 306.2420349121094
134.0 229.0 248.65176645161858 -232.96652921104203 340.7361145019531
150.0 229.0 490.9308118257137 -207.21070145561268 532.8689575195312
166.0 229.0 618.2923530220855 -135.60929288686023 632.9891967773438
182.0 229.0 558.1345619705585 -10.686854433957734 558.2368774414062
198.0 229.0 32.66078741524238 157.93466492580197 161.27642822265625
214.0 229.0 -113.5859590394394 244.76890777033066 269.8399353027344
230.0 229.0 36.00199545589583 154.55623040053524 158.69395446777344
246.0 229.0 230.16808739222878 156.89144865063017 278.55389404296875
262.0 229.0 264.0812399968732 264.76182145502156 373.9488220214844
278.0 229.0 273.26169964725165 211.95131380178017 345.8255615234375
294.0 229.0 223.43483306872267 80.02846822393188 237.33453369140625
310.0 229.0 122.92186069999603 26.84992772654182 125.82012176513672
326.0 229.0 46.77737901617513 43.19542058930791 63.6707763671875
342.0 229.0 -28.354881584668394 264.0935921934071 265.6114196777344
358.0 229.0 -263.8190531791283 265.8851906045214 374.560302734375
374.0 229.0 -485.13604346088647 -127.29061954635421 501.5574645996094
390.0 229.0 -429.6703002221526 -281.1025562864547 513.4542236328125
406.0 229.0 -611.435643705903 -516.2766490318695 800.2468872070312
422.0 229.0 -325.4713916638824 -336.00100787281934 467.7908630371094
438.0 229.0 32.18753046091728 -6.026532927617465 32.746849060058594
454.0 229.0 111.21855479214096 -141.11346230773432 179.67352294921875
470.0 229.0 159.07418361883774 -293.8679413706967 334.16009521484375
486.0 229.0 79.74947628172697 -311.5497300617066 321.59478759765625
502.0 229.0 -269.3175289070417 -221.29998458541428 348.5765686035156
518.0 229.0 -728.7963784828535 -101.75493027647802 735.8656616210938
22.0 245.0 -421.571029860067 -214.38624448734566 472.9519958496094
38.0 245.0 -20.101488895813453 -173.1993136396426 174.3618927001953
54.0 245.0 296.05814770723316 82.83291521082924 307.4275817871094
70.0 245.0 426.1538571384134 753.4308917743685 865.60107421875
86.0 245.0 341.99555206408303 357.6718546824799 494.8637390136719
102.0 245.0 156.76996162469135 -28.57688354263853 159.35325622558594
118.0 245.0 123.36465090480328 -179.2294725912785 217.58226013183594
134.0 245.0 220.2460458035592 -274.5460278448721 351.97137451171875
150.0 245.0 291.04059529785695 -313.4733529525109 427.7501220703125
166.0 245.0 309.2962745264647 -149.57000265692693 343.5627746582031
182.0 245.0 246.06441592336952 71.20946837451706 256.1610412597656
198.0 245.0 123.14151678468164 307.5867632459742 331.3207702636719
214.0 245.0 27.61673809822148 412.09706344771774 413.0213928222656
230.0 245.0 3.257503172033562 -43.252621110315296 43.37511444091797
246.0 245.0 -85.87010563531318 -197.98433207849035 215.8042449951172
262.0 245.0 -5.337127343532541 -140.88338471273235 140.98443603515625
278.0 245.0 148.23810602008774 -214.1065978529056 260.4153747558594
294.0 245.0 253.4266823845319 -114.73110291009857 278.1875305175781
310.0 245.0 179.70582266865875 0.5043157823714779 179.70652770996094
326.0 245.0 -21.20437067749318 67.11211378190333 70.38224792480469
342.0 245.0 -113.63204023282383 222.22901578482828 249.5956268310547
358.0 245.0 -334.3643692593069 153.66158989824808 367.98291015625
374.0 245.0 -456.688083576355 -249.12646389188694 520.2191772460938
390.0 245.0 -177.78697041357327 -109.68962880991307 208.90194702148438
406.0 245.0 -270.1869322414195 -128.62571838689675 299.24163818359375
422.0 245.0 -102.996141292114 -185.10260081599094 211.82818603515625
438.0 245.0 234.5755156235073 -14.819080810969664 235.0431365966797
454.0 245.0 309.378209925352 -60.97603893057734 315.3299255371094
470.0 245.0 24.072957147540006 -221.02832492321517 222.33538818359375
486.0 245.0 -239.74044711549092 -259.63846809143126 353.3944091796875
502.0 245.0 -476.93845945047167 -255.1039295361795 540.8773803710938
518.0 245.0 -717.4818860771081 -155.2046698505865 734.0767822265625
22.0 261.0 -2.9277758082634926 172.86048232476662 172.88526916503906
38.0 261.0 0.6974410804516716 -193.45028100664715 193.4515380859375
54.0 261.0 31.04900693877423 -246.41313204392281 248.361572265625
70.0 261.0 -7.0128794075214715 290.7532237499206 290.8377990722656
86.0 261.0 22.32729652043876 313.39449343278267 314.1888122558594
102.0 261.0 126.35212045822409 199.2575848180435 235.9416046142578
118.0 261.0 123.81995137368492 69.68379455928488 142.0817108154297
134.0 261.0 92.68701484238413 -191.2502342776268 212.52655029296875
150.0 261.0 75.45983046930218 -283.5094797885984 293.3799743652344
166.0 261.0 181.8589812926481 -123.00781470468597 219.55320739746094
182.0 261.0 293.53677556562076 84.45399642434866 305.4444580078125
198.0 261.0 402.2213226224045 325.0978127391812 517.1755981445312
214.0 261.0 439.3706092953449 525.4874999633665 684.9697875976562
230.0 261.0 154.10141219858852 -42.839350831945964 159.94515991210938
246.0 261.0 -241.21016817000876 -300.703154811388 385.49285888671875
262.0 261.0 -461.88980870374905 -362.20450851994127 586.970458984375
278.0 261.0 -418.39956017065197 -413.60502002896527 588.3258666992188
294.0 261.0 -62.99028891895871 -211.10286020917195 220.30023193359375
310.0 261.0 202.57759797732257 -44.74641810306751 207.46066284179688
326.0 261.0 244.63552697864355 84.22568665086618 258.7286376953125
342.0 261.0 85.01107185913347 300.6947575314755 312.4807434082031
358.0 261.0 -235.3247180683607 168.04321139187363 289.16473388671875
374.0 261.0 -445.76468889719933 -144.64478699731973 468.6451416015625
390.0 261.0 -326.87870280979405 153.94276133087138 361.3143615722656
406.0 261.0 -110.16341205876367 302.4477324387384 321.8860168457031
422.0 261.0 -68.79549328455421 -12.44553923000705 69.91217041015625
438.0 261.0 42.37049363800471 -70.29812949291424 82.07975006103516
454.0 261.0 132.32833861594952 45.81569590402489 140.0352325439453
470.0 261.0 26.602272438765027 38.32790981634839 46.65522003173828
486.0 261.0 -223.63641078443968 -104.61798886974907 246.89707946777344
502.0 261.0 -343.09326175537694 -172.33126265758384 383.94146728515625
518.0 261.0 -250.84762964008843 -297.0926256295675 388.8297424316406
22.0 277.0 169.819932096444 502.06601799367525 530.0086059570312
38.0 277.0 31.54174581074907 2.8607243322454496 31.67120933532715
54.0 277.0 -121.187534841467 -279.8855370139855 304.9956359863281
70.0 277.0 -244.56235427387676 -24.20348555739413 245.75711059570312
86.0 277.0 -230.91094224957945 127.89913000187609 263.96600341796875
102.0 277.0 30.628758571720372 256.29487315358557 258.1185302734375
118.0 277.0 259.04030162417325 227.0432634238375 344.45684814453125
134.0 277.0 165.7278302279197 -120.30552768244529 204.79046630859375
150.0 277.0 35.00195550427202 -161.13764269663628 164.89535522460938
166.0 277.0 -4.38503618358125 -39.967792004479925 40.20762252807617
182.0 277.0 103.2510528377105 160.08351842910827 190.49281311035156
198.0 277.0 275.05747262384324 284.25110314454207 395.5443115234375
214.0 277.0 277.44941179278226 391.36661005998064 479.7353515625
230.0 277.0 24.317886506692094 40.92682933760754 47.606353759765625
246.0 277.0 -280.3209431399452 -210.57902647226575 350.6042785644531
262.0 277.0 -613.9041049798983 -310.78540124295415 688.0885009765625
278.0 277.0 -617.3863721870573 -250.05269711820603 666.102294921875
294.0 277.0 -258.49911916208225 -187.5929209818056 319.39459228515625
310.0 277.0 130.36090888073173 -138.53073597689033 190.22283935546875
326.0 277.0 291.851972674459 82.1445657705574 303.1918640136719
342.0 277.0 241.13648434037003 507.3050106010487 561.698486328125
358.0 277.0 -95.6778708065665 215.02362209732075 235.34954833984375
374.0 277.0 -311.7399518750659 -1.4911830433944535 311.7435302734375
390.0 277.0 -253.03960474270474 207.73392453597353 327.38726806640625
406.0 277.0 9.740420004216437 456.1677482416105 456.271728515625
422.0 277.0 140.0496314444754 272.670788031336 306.5342712402344
438.0 277.0 29.835365063543815 61.8286770471426 68.65081787109375
454.0 277.0 -89.37436931881975 69.29909217403466 113.09351348876953
470.0 277.0 -156.06663794713901 143.67025644333052 212.12716674804688
486.0 277.0 -231.17079026122374 91.97714238284101 248.7965545654297
502.0 277.0 -70.44811902752984 -40.88476199632797 81.45244598388672
518.0 277.0 217.48946230839377 -383.7502690442878 441.0962829589844
22.0 293.0 -129.40067922449794 325.1830277494989 349.9836120605469
38.0 293.0 63.87150001722637 45.847667804005646 78.62300872802734
54.0 293.0 -42.38561833775467 -189.8263102919249 194.50082397460938
70.0 293.0 -134.74516617583996 -216.24801143783998 254.79298400878906
86.0 293.0 -111.59303753354831 -39.56083582931001 118.39791107177734
102.0 293.0 -30.88556725293758 307.64083383653553 309.18731689453125
118.0 293.0 234.0707016899975 276.1173684379585 361.98052978515625
134.0 293.0 152.1298491639123 93.49741296417628 178.56443786621094
150.0 293.0 -70.35745509574548 101.47472613938885 123.47992706298828
166.0 293.0 -172.17255155285227 135.61974639826204 219.17140197753906
182.0 293.0 -190.35556757529912 204.66812306654327 279.5072021484375
198.0 293.0 -130.9339313541038 261.47306715179076 292.4241027832031
214.0 293.0 -199.25651018069482 351.41061559084613 403.97100830078125
230.0 293.0 -392.65177659139954 148.72911396720374 419.8758850097656
246.0 293.0 -658.7873160342584 -309.7822788888529 727.9874877929688
262.0 293.0 -684.7062288924809 -583.2112993834968 899.4209594726562
278.0 293.0 -307.31141219251873 -417.748846935822 518.608154296875
294.0 293.0 -29.511451125960008 -204.35627688436477 206.47618103027344
310.0 293.0 135.70538771556738 -116.53554425873244 178.8756103515625
326.0 293.0 180.92019524295353 -27.428152360133552 182.98748779296875
342.0 293.0 198.24202854604135 200.45932591331507 281.9288024902344
358.0 293.0 399.3834943631975 457.57532516703355 607.3568725585938
374.0 293.0 -78.3323524808969 141.61302962075044 161.83389282226562
390.0 293.0 -28.11096665891546 103.95957584789532 107.69317626953125
406.0 293.0 186.57543773700738 399.8862209626646 441.27020263671875
422.0 293.0 268.9210491713603 409.9607476568303 490.2921142578125
438.0 293.0 66.87202669919817 112.52165577416254 130.89305114746094
454.0 293.0 -225.72894547870456 200.5286099953237 301.9358825683594
470.0 293.0 -304.2131313327867 342.7686291797331 458.29681396484375
486.0 293.0 -65.79675622237895 108.44456024680883 126.8441390991211
502.0 293.0 441.090625157774 -134.79419782581482 461.2270812988281
518.0 293.0 284.31166382965523 -121.31650322207966 309.1129455566406
22.0 309.0 -274.5676721696098 45.554624348004836 278.32110595703125
38.0 309.0 -280.6715903785169 -301.93530167307387 412.23956298828125
54.0 309.0 278.47832462051565 -224.4431668459177 357.6659240722656
70.0 309.0 325.1526892483733 -317.04598272637855 454.13922119140625
86.0 309.0 148.52872260353365 -236.10778904220612 278.94024658203125
102.0 309.0 -17.85673619093756 350.14285182990506 350.597900390625
118.0 309.0 24.079822075030016 290.4592186762799 291.4556579589844
134.0 309.0 -20.15779381944076 279.5930116668588 280.3187255859375
150.0 309.0 2.726679599229795 335.5161947520074 335.52728271484375
166.0 309.0 -77.64134132973862 263.0761909941659 274.2940979003906
182.0 309.0 -373.3397693627121 186.9452806450538 417.52978515625
198.0 309.0 -612.426787907239 61.88604922962868 615.545654296875
214.0 309.0 -647.4332848988131 135.36076366476755 661.4320678710938
230.0 309.0 -690.8987092017328 126.539438429893 702.39111328125
246.0 309.0 -627.1017147291255 -272.77957584702466 683.8605346679688
262.0 309.0 -301.20720824903754 -555.4005262035356 631.8192138671875
278.0 309.0 -49.103354352343345 -529.0709821476507 531.3447265625
294.0 309.0 180.58726767893157 -175.80055656784802 252.0269775390625
310.0 309.0 288.14713749568136 -19.60540069885347 288.8133239746094
326.0 309.0 202.2292530542974 -92.79873654217188 222.50454711914062
342.0 309.0 27.316208651280906 117.46531385082476 120.59964752197266
358.0 309.0 -64.64606347569054 473.5353406597248 477.9276428222656
374.0 309.0 -31.157925241479518 216.4049777933852 218.6365203857422
390.0 309.0 134.93518291503858 -22.069329214754116 136.72804260253906
406.0 309.0 198.9586126992253 417.00606849835305 462.0374450683594
422.0 309.0 155.77892537754747 302.2718978961298 340.052001953125
438.0 309.0 -50.658261632445885 40.07511195437114 64.5931396484375
454.0 309.0 -188.66986158581375 166.78929350003648 251.8233184814453
470.0 309.0 129.79655925977656 244.30663430099784 276.645751953125
486.0 309.0 606.0542251383425 -22.912977388598033 606.4871826171875
502.0 309.0 417.1622319662991 -70.20621170615097 423.0286560058594
518.0 309.0 -368.6225889383933 98.01078837234208 381.4298400878906
