22.0 21.0 -305.47485275582136 543.5515999359445 623.5087890625
38.0 21.0 -384.9520777628644 -85.38927289714401 394.3088073730469
54.0 21.0 -437.9484661834177 -295.48308589923386 528.3078002929688
70.0 21.0 -311.11236506351526 -165.16152694580518 352.234619140625
86.0 21.0 -142.6462235150075 -386.65456890210385 412.1282653808594
102.0 21.0 -30.22515159532984 -238.95919090243774 240.86314392089844
118.0 21.0 -10.68320180726021 -121.25308813393755 121.72280883789062
134.0 21.0 78.12160412353018 -290.6744251532876 300.9893798828125
150.0 21.0 160.52827928221208 -407.7105805204428 438.1748962402344
166.0 21.0 232.20818483337567 -556.2895240495711 602.8089599609375
182.0 21.0 354.0578397211293 -599.2470745450576 696.0272827148438
198.0 21.0 338.61355745656647 -247.78696158866717 419.59210205078125
214.0 21.0 194.57728872840303 154.96483224721567 248.74569702148438
230.0 21.0 85.15585122077395 88.89068001059255 123.09781646728516
246.0 21.0 -79.4421570165683 224.34581312946517 237.99600219726562
262.0 21.0 -53.698500074085366 340.7310218469526 344.93646240234375
278.0 21.0 181.99556858244216 226.1347599489052 290.2745666503906
294.0 21.0 115.63131365064183 179.56265531481216 213.57281494140625
310.0 21.0 -143.37349497233106 300.0076902747502 332.5065002441406
326.0 21.0 -295.6061226057967 459.80064908971343 546.6256713867188
342.0 21.0 -260.5442718615788 63.6980515996213 268.2177429199219
358.0 21.0 -143.7058897454918 -403.06426856566225 427.9161071777344
374.0 21.0 -63.474690332620526 -338.98164323941654 344.873291015625
390.0 21.0 -102.51006207469095 -134.99858403300928 169.50790405273438
406.0 21.0 -193.01135482763058 39.0155008366145 196.91519165039062
422.0 21.0 -175.25305597869766 -48.28189305248877 181.78221130371094
438.0 21.0 3.264612409429841 -319.06498048789877 319.0816955566406
454.0 21.0 279.86496233777757 -388.50537763258734 478.8118896484375
470.0 21.0 599.1336197459106 -525.37024222255 796.8531494140625
486.0 21.0 734.1755846749817 -447.5042843431261 859.8103637695312
502.0 21.0 779.5256030043807 55.181609393142445 781.4762573242188
518.0 21.0 475.52053059370706 562.5145497104312 736.5747680664062
22.0 37.0 -367.0391221778617 -36.19811317983462 368.81976318359375
38.0 37.0 -381.86772663546526 -251.3617739821613 457.1714172363281
54.0 37.0 -374.722761497071 -154.12067293921902 405.17938232421875
70.0 37.0 -298.1482859803834 -163.8134526714422 340.18707275390625
86.0 37.0 -125.65633806206081 -331.3005608422095 354.3297424316406
102.0 37.0 -39.99332183191763 -245.73003756140213 248.96328735351562
118.0 37.0 48.91319537941347 -194.80240067121898 200.84938049316406
134.0 37.0 20.575263261580485 -225.9384375469867 226.87335205078125
150.0 37.0 -23.32734490078117 -352.75231540452006 353.5227966308594
166.0 37.0 92.30647544381475 -457.4878915990128 466.7072448730469
182.0 37.0 186.6736854781967 -530.2858700985835 562.1834106445312
198.0 37.0 160.39850115656267 -435.97641453333864 464.546142578125
214.0 37.0 209.76549612136102 -178.70037028731264 275.5637512207031
230.0 37.0 50.20513222181465 22.804172850938734 55.14150619506836
246.0 37.0 -254.56037020971021 304.79839344593853 397.1184387207031
262.0 37.0 -232.92830147453907 586.6165127804153 631.169189453125
278.0 37.0 87.73327083470056 371.09231792149166 381.32220458984375
294.0 37.0 -3.8987365220638917 186.16266067432713 186.20347595214844
310.0 37.0 -173.8748021483277 308.956732534971 354.5232238769531
326.0 37.0 22.267641443616967 571.0301742365501 571.4641723632812
342.0 37.0 281.39235272329 149.98260623360474 318.867431640625
358.0 37.0 233.25653782187968 -234.20413197466098 330.5452880859375
374.0 37.0 46.36458871984832 -186.73222664034745 192.4021759033203
390.0 37.0 -35.11232331402931 -46.692501640857145 58.421443939208984
406.0 37.0 -81.4112567492741 160.73129950569205 180.173095703125
422.0 37.0 -65.41801193540014 71.10995584778297 96.62371063232422
438.0 37.0 86.16308866028801 -477.3856886676243 485.0991516113281
454.0 37.0 276.35148742409564 -667.8025637839658 722.7243041992188
470.0 37.0 341.2472076225574 -537.288205764112 636.4968872070312
486.0 37.0 253.8748775486236 -364.62022216865876 444.297607421875
502.0 37.0 324.5277874688532 -58.38921671700328 329.7386474609375
518.0 37.0 530.3930888641637 353.1060401746948 637.1818237304688
22.0 53.0 -571.9582335756049 -370.679572320027 681.5714111328125
38.0 53.0 -542.6810133464052 -446.87405631977316 702.9929809570312
54.0 53.0 -348.91783759787586 -45.335107908584845 351.8507080078125
70.0 53.0 -182.4254283773657 30.93479043245581 185.02972412109375
86.0 53.0 -46.362404170918765 -24.0710379249685 52.23875427246094
102.0 53.0 79.27747267447859 -99.91725052341536 127.54753875732422
118.0 53.0 84.81428883934548 -128.9264273902432 154.3226776123047
134.0 53.0 -97.91893348326701 -40.16303813579582 105.83566284179688
150.0 53.0 -112.73871328726483 -100.01697563393505 150.70970153808594
166.0 53.0 76.52918036409135 -167.36842372366755 184.03506469726562
182.0 53.0 192.99024515759928 -475.7410855581784 513.3953857421875
198.0 53.0 400.70072648774055 -786.4419317697864 882.6392211914062
214.0 53.0 391.6805464565723 -305.6644374425348 496.8343811035156
230.0 53.0 1.8300853661005834 69.17518787018011 69.19939422607422
246.0 53.0 -281.58176202745517 265.237453951592 386.8322448730469
262.0 53.0 -243.91689029729116 421.7094018778252 487.1696472167969
278.0 53.0 68.87501963196264 275.11306377751436 283.6035461425781
294.0 53.0 13.890815021782121 202.32474333032945 202.801025390625
310.0 53.0 115.25466520818611 163.80918771855713 200.29251098632812
326.0 53.0 460.5788701283773 396.02930052819937 607.4307250976562
342.0 53.0 473.7362924288919 226.95010160315013 525.292724609375
358.0 53.0 206.8158590654914 -22.136800690717216 207.99720764160156
374.0 53.0 27.41116100339207 -36.09412339860251 45.32281494140625
390.0 53.0 63.91208357608148 4.329198568048325 64.05854034423828
406.0 53.0 20.292412653218154 16.794549676683094 26.340822219848633
422.0 53.0 59.42413721453437 -108.52510371144437 123.729248046875
438.0 53.0 245.73220957144227 -470.0719832214222 530.4262084960938
454.0 53.0 199.23015165922172 -534.2380238655896 570.177978515625
470.0 53.0 102.37129969721371 -301.8042177207352 318.6936950683594
486.0 53.0 -26.096219497881446 -164.84143592553582 166.89431762695312
502.0 53.0 68.40846030435229 3.2488330055757824 68.48556518554688
518.0 53.0 309.58129905982025 390.98597543541854 498.7089538574219
22.0 69.0 -395.8173951961402 -628.1930258630041 742.494384765625
38.0 69.0 -269.35853795494137 -554.863121571471 616.7877197265625
54.0 69.0 -131.94021706030136 -28.970175415823224 135.08328247070312
70.0 69.0 -63.887605831952236 169.31805064904287 180.97024536132812
86.0 69.0 -55.07975722144953 199.57461098822304 207.03575134277344
102.0 69.0 46.30539652060187 46.70330219863772 65.76768493652344
118.0 69.0 118.45159137840407 -88.7121498751485 147.9886016845703
134.0 69.0 4.557748049406415 1.4225685898769718 4.774596214294434
150.0 69.0 58.90634579985094 90.30884034310222 107.82228088378906
166.0 69.0 285.9366181792651 -1.3614366099671817 285.9398498535156
182.0 69.0 311.8582356516087 -571.9780742138531 651.4710083007812
198.0 69.0 248.52118613071428 -654.5591259491796 700.1502685546875
214.0 69.0 -199.45829737555331 -14.377243355744906 199.97579956054688
230.0 69.0 -197.71800972465925 93.75640077164744 218.82110595703125
246.0 69.0 -51.42643712233954 104.78911841241852 116.7280502319336
262.0 69.0 15.060954673390512 38.59213869997917 41.4268684387207
278.0 69.0 -50.512923595507914 98.57037232753808 110.75952911376953
294.0 69.0 -6.054077740946396 182.39754694663992 182.49798583984375
310.0 69.0 264.696682710338 165.7005737712678 312.2835388183594
326.0 69.0 291.42807044794284 266.06890327044187 394.6175231933594
342.0 69.0 103.58385979003775 219.54079450207212 242.7504425048828
358.0 69.0 29.278283979460337 65.39187494067696 71.64715576171875
374.0 69.0 78.39711392999145 37.947502736621225 87.09833526611328
390.0 69.0 238.11479599440892 95.64606913716943 256.6063537597656
406.0 69.0 176.2351097225183 -7.0056733064339385 176.37429809570312
422.0 69.0 66.42877361773488 -242.60485827614153 251.5350799560547
438.0 69.0 94.95852293285522 -289.08641149498095 304.28289794921875
454.0 69.0 28.723298838513507 -59.748865215779915 66.2944564819336
470.0 69.0 -66.43483711374435 15.789217865850075 68.28533172607422
486.0 69.0 -154.87779141640118 -81.78323076561142 175.14459228515625
502.0 69.0 -127.87843502916104 -211.12679560868824 246.8347930908203
518.0 69.0 -56.245487900247454 -89.69378971861371 105.87034606933594
22.0 85.0 265.8718352382488 -283.49987871030515 388.6643981933594
38.0 85.0 93.59328625302884 -217.7112858552155 236.97659301757812
54.0 85.0 -30.13667916580799 150.65377531165453 153.6384735107422
70.0 85.0 -37.197247233488994 238.46701884457556 241.35069274902344
86.0 85.0 -41.67224205366423 240.97766113426252 244.55430603027344
102.0 85.0 31.64271657262129 58.103014911479065 66.16057586669922
118.0 85.0 112.10713787714496 -179.07290417467527 211.27024841308594
134.0 85.0 138.27751517171754 -43.2423893030495 144.88124084472656
150.0 85.0 159.20304356017007 69.68893056068458 173.7876739501953
166.0 85.0 311.2254622718468 25.07127744770227 312.2336730957031
182.0 85.0 345.610959534361 -181.70406861311048 390.4654846191406
198.0 85.0 211.4093171834586 -168.88423157745643 270.5841369628906
214.0 85.0 -107.20001743267426 -53.45821645840719 119.7899169921875
230.0 85.0 -225.29911224385455 17.343394281146253 225.96566772460938
246.0 85.0 -49.82152514464978 36.82966837771948 61.95650863647461
262.0 85.0 69.18338987082758 -54.653282116692694 88.16645050048828
278.0 85.0 16.27818490192141 2.3286224226585786 16.443897247314453
294.0 85.0 45.92948015007562 95.46099574815145 105.9354476928711
310.0 85.0 175.6158469338184 169.22435404893415 243.88072204589844
326.0 85.0 142.32070867734686 269.75934861667184 305.00048828125
342.0 85.0 -189.490649710902 86.38211100284825 208.25123596191406
358.0 85.0 -218.87448569187868 -12.956724838360921 219.2576446533203
374.0 85.0 -78.97318629479805 83.65279490784187 115.04153442382812
390.0 85.0 69.14621698488365 138.25422601633207 154.5814666748047
406.0 85.0 130.520312592935 56.07614975115364 142.05662536621094
422.0 85.0 29.224180939938975 -190.20574614838827 192.43772888183594
438.0 85.0 9.428157436332016 -176.9989582722312 177.2498779296875
454.0 85.0 18.366301736435204 161.83872648955213 162.87754821777344
470.0 85.0 -11.7752664990824 233.43407130835064 233.7308807373047
486.0 85.0 -294.27128824307164 -63.14793621859062 300.97052001953125
502.0 85.0 -464.28377502669383 -379.3542301639996 599.557373046875
518.0 85.0 -428.9479203956298 -679.931946123085 803.93017578125
22.0 101.0 172.94972407706618 -60.88332623561094 183.35317993164062
38.0 101.0 81.68535116292837 55.74361048041376 98.89310455322266
54.0 101.0 13.731661355846791 154.2117811859899 154.82192993164062
70.0 101.0 66.59712139013146 217.05276236342576 227.03981018066406
86.0 101.0 57.72457909981238 234.97584877815785 241.96234130859375
102.0 101.0 72.7146747206213 97.901437528209 121.95128631591797
118.0 101.0 74.54456086982654 -136.97040903318356 155.9416046142578
134.0 101.0 100.55568260225184 -94.1035801020656 137.72047424316406
150.0 101.0 195.05404382412826 33.509502181508985 197.91151428222656
166.0 101.0 351.45381412624994 148.76603001089327 381.64263916015625
182.0 101.0 363.14841195981813 217.70533327934754 423.40570068359375
198.0 101.0 216.57000476444026 43.93303002615697 220.98117065429688
214.0 101.0 -69.10788287852276 -81.84322323417695 107.11775207519531
230.0 101.0 -211.2294693656522 -52.884288262492944 217.7490234375
246.0 101.0 -58.56539962751849 -47.19439964698228 75.2144775390625
262.0 101.0 120.47675530701505 -52.43775653786296 131.39393615722656
278.0 101.0 137.66303569233258 5.433498049151024 137.7702178955078
294.0 101.0 123.86387806070292 40.33102198840434 130.26454162597656
310.0 101.0 218.350305355372 137.7075982186222 258.147705078125
326.0 101.0 167.14945133936678 301.69772817269927 344.9064636230469
342.0 101.0 -234.0714713317343 10.439725234581188 234.30416870117188
358.0 101.0 -456.0474867154262 -79.63841247284849 462.94879150390625
374.0 101.0 -334.7309408567411 125.36975275057554 357.4386291503906
390.0 101.0 -189.48206499369863 95.12251146830191 212.0182647705078
406.0 101.0 -75.60330568500771 43.87611390983587 87.41265869140625
422.0 101.0 8.050721848095666 -77.08312410834858 77.50240325927734
438.0 101.0 -11.576823645415276 -77.09191674030932 77.95631408691406
454.0 101.0 -13.689548577032658 133.8862681372146 134.5843048095703
470.0 101.0 -75.91068162384849 251.28030672589273 262.49615478515625
486.0 101.0 -370.7852116305288 -84.37765120118927 380.2647399902344
502.0 101.0 -436.88265844442464 -384.4513949305225 581.9530029296875
518.0 101.0 -398.73297894826044 -827.619003352009 918.6627197265625
22.0 117.0 80.73960947706881 76.52660082286829 111.243896484375
38.0 117.0 151.77365453692678 137.4901789414548 204.7896270751953
54.0 117.0 109.53396142423405 24.063914578721754 112.14615631103516
70.0 117.0 61.747111894668436 136.8490151956279 150.1344757080078
86.0 117.0 123.15208184999913 361.8260200562009 382.21002197265625
102.0 117.0 143.74919426677178 378.07120382200856 404.4770202636719
118.0 117.0 76.15083807619075 118.88303072175744 141.18118286132812
134.0 117.0 44.74700445396712 -71.13707064923915 84.04032897949219
150.0 117.0 121.29314199839853 -69.23725230130577 139.6632537841797
166.0 117.0 202.15660483124367 118.33239017273219 234.24313354492188
182.0 117.0 270.0218722647166 317.02504699066503 416.43328857421875
198.0 117.0 -30.401340649537058 95.9485986689924 100.64976501464844
214.0 117.0 -286.64238869159453 -84.11289355303931 298.72869873046875
230.0 117.0 -195.7498476081356 -88.34295912503305 214.76145935058594
246.0 117.0 28.920159547972446 -212.07074047114028 214.03358459472656
262.0 117.0 94.07576851562366 -106.88913829027088 142.39219665527344
278.0 117.0 67.73922605524773 89.14562037278985 111.96224212646484
294.0 117.0 80.17203739518756 -33.74528395277534 86.98448181152344
310.0 117.0 -2.5117744356527365 87.2256158177548 87.26177215576172
326.0 117.0 -84.20566694101922 749.1831873123956 753.9005737304688
342.0 117.0 -163.69574967939602 331.4911121623584 369.7061767578125
358.0 117.0 -290.8362641407766 68.81931428955532 298.8675842285156
374.0 117.0 -110.16983913256894 144.35090343949693 181.5890350341797
390.0 117.0 -127.7205714933019 -32.70538173060065 131.84152221679688
406.0 117.0 -65.01406596908824 -99.16474250207247 118.57687377929688
422.0 117.0 102.5414140775646 -12.852068308213292 103.34368896484375
438.0 117.0 105.1145215110565 64.33562759233298 123.24015045166016
454.0 117.0 -35.26202113905376 122.2695079135899 127.25267028808594
470.0 117.0 -176.16026369875493 64.1164382908092 187.46560668945312
486.0 117.0 -307.6644581597341 -280.5819445660182 416.39361572265625
502.0 117.0 -96.06014516151295 -347.04417541857725 360.09332275390625
518.0 117.0 -180.21354986871646 -363.3275987476173 405.56610107421875
22.0 133.0 28.74794814961205 151.2772391474228 153.9845733642578
38.0 133.0 377.9161134645362 97.2587712293082 390.23052978515625
54.0 133.0 315.53969526781464 60.47567548587505 321.2827453613281
70.0 133.0 -117.82606618302947 132.8944723642396 177.60609436035156
86.0 133.0 -286.69576986358794 247.6988692772927 378.8788757324219
102.0 133.0 237.30496509701524 520.7657811705416 572.2854614257812
118.0 133.0 388.22973106314004 307.2063630357605 495.07379150390625
134.0 133.0 117.56394240597547 -113.57074597543492 163.46128845214844
150.0 133.0 -100.00846892054116 -223.29189185868745 244.66500854492188
166.0 133.0 -167.0537136933678 -75.01510870464277 183.1234893798828
182.0 133.0 -159.58602814153338 109.956408733451 193.7991485595703
198.0 133.0 -197.9336723368777 84.86442505814358 215.35948181152344
214.0 133.0 -200.00191353961497 -58.400923704495696 208.35411071777344
230.0 133.0 43.93398227049093 -90.09657098812686 100.23765563964844
246.0 133.0 272.31909931477037 -176.21354232959993 324.3592224121094
262.0 133.0 140.34241582043623 -128.90371497333896 190.5574951171875
278.0 133.0 -12.232728151530289 -36.16980376014044 38.1823844909668
294.0 133.0 11.207388930652366 -227.0147208777304 227.29119873046875
310.0 133.0 -107.64908400346296 -208.99283169425445 235.08792114257812
326.0 133.0 -83.10461013104523 591.0631303875464 596.8768920898438
342.0 133.0 3.9831452639715086 693.6830351762505 693.6944580078125
358.0 133.0 -153.89055750012022 330.95693651781403 364.98602294921875
374.0 133.0 51.25326609094098 252.56113844924616 257.7091979980469
390.0 133.0 43.41306025276619 -90.431038400579 100.31184387207031
406.0 133.0 39.8093534124881 -232.8077536889451 236.18685913085938
422.0 133.0 220.22622045896074 -6.412927131560799 220.31956481933594
438.0 133.0 288.5910252199418 197.58781697146054 349.7509460449219
454.0 133.0 180.31714122253118 224.81612933647259 288.1953430175781
470.0 133.0 31.034829203760815 50.25848643566178 59.06840133666992
486.0 133.0 -59.09381324850704 -272.9438136368449 279.2676086425781
502.0 133.0 -93.70133243828823 -415.95388851929033 426.37725830078125
518.0 133.0 -98.68967056034819 83.59758727225969 129.3375701904297
22.0 149.0 -156.3643274363517 26.127897488391895 158.53224182128906
38.0 149.0 482.6698231513481 11.85570913005085 482.8153991699219
54.0 149.0 477.3163390423063 122.21829277659128 492.7151184082031
70.0 149.0 -62.45336502403682 246.4858724197179 254.27487182617188
86.0 149.0 -306.2738732604317 49.72481248086606 310.28411865234375
102.0 149.0 -153.11863644320118 23.180127530401933 154.86328125
118.0 149.0 -74.82127490471488 66.07123672282236 99.8179931640625
134.0 149.0 -187.85953398419161 -123.82252613755426 224.9960479736328
150.0 149.0 -422.6240717595929 -253.81247568683781 492.9826354980469
166.0 149.0 -557.742174058561 -225.117437219354 601.4600219726562
182.0 149.0 -443.59011349780366 -206.3783397571953 489.2486267089844
198.0 149.0 -149.3850910990199 -135.3542486723809 201.58541870117188
214.0 149.0 3.3557351283696835 -112.23741677218516 112.2875747680664
230.0 149.0 114.27676188406797 -75.56148937283805 136.99896240234375
246.0 149.0 238.41763412134432 -43.53267121210179 242.35935974121094
262.0 149.0 155.41427536003854 -151.01322774825186 216.69931030273438
278.0 149.0 101.33672443000395 -243.82768932469043 264.0474853515625
294.0 149.0 147.66530557298736 -522.7136737096043 543.1708984375
310.0 149.0 128.37593418107176 -393.56167255334384 413.9700012207031
326.0 149.0 11.641051316347065 266.5976204347778 266.8516540527344
342.0 149.0 16.128656419477966 590.4108669009929 590.631103515625
358.0 149.0 23.99323805465969 370.2523727730095 371.0289611816406
374.0 149.0 114.6993243878921 206.8733898790185 236.54287719726562
390.0 149.0 41.38309846336533 1.6229289431143574 41.41490936279297
406.0 149.0 -43.47294005556994 -199.93130924771853 204.60308837890625
422.0 149.0 157.41687672681138 -43.69635821706212 163.36904907226562
438.0 149.0 360.0243338786441 255.8277718738454 441.66204833984375
454.0 149.0 441.155444585756 378.5471845466262 581.3054809570312
470.0 149.0 328.25756028072107 72.1294651883436 336.08880615234375
486.0 149.0 130.62824008475556 -236.13155597475628 269.855224609375
502.0 149.0 -10.475499749646456 -347.6278191122279 347.7856140136719
518.0 149.0 -156.32825062848937 -163.2140016450804 226.00294494628906
22.0 165.0 -327.3698217489472 -106.8997176997858 344.38140869140625
38.0 165.0 253.02997042086457 -32.08551361856992 255.05616760253906
54.0 165.0 353.5970084824836 221.79799059622775 417.4029235839844
70.0 165.0 31.219198227084533 371.1834235717021 372.4939880371094
86.0 165.0 -189.5190896229601 138.5282726369265 234.75001525878906
102.0 165.0 -256.78418056830577 94.57788102645841 273.6477355957031
118.0 165.0 -333.5866122644484 40.683611233750355 336.0583190917969
134.0 165.0 -317.5372798679897 -33.536210698152956 319.3033142089844
150.0 165.0 -334.537087207939 -7.391338015611968 334.6187438964844
166.0 165.0 -573.2061834790329 -124.28729311798149 586.5259399414062
182.0 165.0 -411.33980312044184 -428.62593155428175 594.0712280273438
198.0 165.0 -124.54041278491633 -361.980627741146 382.8058166503906
214.0 165.0 9.720299474426072 -76.8748975763573 77.48699188232422
230.0 165.0 44.158793017297825 33.65088620701943 55.519195556640625
246.0 165.0 21.27306289190562 -48.944245169540864 53.367427825927734
262.0 165.0 77.02153112679666 -211.62054229323772 225.201171875
278.0 165.0 178.65383270667826 -330.2004616154238 375.4324645996094
294.0 165.0 218.07247514294474 -509.6773444176702 554.3704833984375
310.0 165.0 213.0647386142024 -209.31707282000286 298.6807861328125
326.0 165.0 152.02237307354127 235.4542287156735 280.2668151855469
342.0 165.0 260.84198185545984 432.086894256534 504.71539306640625
358.0 165.0 385.1296979385552 125.2659919797132 404.98944091796875
374.0 165.0 275.6870835342821 13.686316183674618 276.026611328125
390.0 165.0 60.70518224521726 -16.87088275104001 63.00592041015625
406.0 165.0 -106.8173558395731 -277.9300810950468 297.7500305175781
422.0 165.0 13.35032378744544 -82.86307497665184 83.931640625
438.0 165.0 103.95704285571168 102.80382860075929 146.20428466796875
454.0 165.0 154.12963513750063 121.31436725805246 196.14566040039062
470.0 165.0 221.56910814599794 31.236901569602836 223.7601776123047
486.0 165.0 57.994215060583315 -190.0365403396549 198.68873596191406
502.0 165.0 -74.0956897676613 -326.88690459669925 335.17938232421875
518.0 165.0 -283.3902880263655 -327.419099232972 433.028076171875
22.0 181.0 -159.45431364129587 -0.9736104867968749 159.45729064941406
38.0 181.0 111.71717875290983 -29.876369355703265 115.64309692382812
54.0 181.0 164.56728165453737 118.9756579886517 203.07041931152344
70.0 181.0 37.935682880398474 238.74577240843968 241.7408905029297
86.0 181.0 40.808618315443525 91.95703327912183 100.60536193847656
102.0 181.0 23.035335587809783 305.48546354130514 306.35272216796875
118.0 181.0 -156.50211323616688 395.0140767317205 424.8870849609375
134.0 181.0 -238.4072357400852 166.5470667992613 290.8194274902344
150.0 181.0 -185.74893471371308 217.23761817234734 285.8231201171875
166.0 181.0 -205.19559296634776 93.12810810132679 225.33990478515625
182.0 181.0 -90.14750411003546 -236.95942864795853 253.52780151367188
198.0 181.0 14.584527476650607 -126.05117690301401 126.8921127319336
214.0 181.0 -55.67802850163316 77.42719550438366 95.36778259277344
230.0 181.0 -31.800059487526195 93.21803196258426 98.49286651611328
246.0 181.0 -55.46288881576121 -83.44705691812639 100.19752502441406
262.0 181.0 -21.361772064408 -225.58540864120553 226.59457397460938
278.0 181.0 127.04829273285596 -262.34782223826664 291.4920959472656
294.0 181.0 178.6805333126254 -290.70415897725894 341.2266845703125
310.0 181.0 213.02320688091768 -38.533179337906496 216.48023986816406
326.0 181.0 307.8419522137148 185.95019701654553 359.64447021484375
342.0 181.0 581.2849307937087 211.25175562949016 618.4815673828125
358.0 181.0 647.3896088840448 43.61595580284486 648.857177734375
374.0 181.0 350.2162509951835 -76.86516247706243 358.55218505859375
390.0 181.0 -5.243470802501573 -39.14386887624318 39.493499755859375
406.0 181.0 -264.1193251509925 -216.7717994234312 341.6855773925781
422.0 181.0 -69.66532036452827 -22.979861133180155 73.35755157470703
438.0 181.0 104.34399066215656 75.25948392202882 128.6532440185547
454.0 181.0 -18.61819399526853 48.07721866450234 51.556339263916016
470.0 181.0 -42.45416598727388 -43.833328922359485 61.02226638793945
486.0 181.0 -87.58411779481526 -189.3621040004712 208.63600158691406
502.0 181.0 -256.05158594066853 -370.21951563936244 450.1387634277344
518.0 181.0 -198.26950599322362 -555.5458037217526 589.8660278320312
22.0 197.0 -47.00279284124876 282.31118817491216 286.197265625
38.0 197.0 70.68688286130786 -30.83804325462329 77.12081909179688
54.0 197.0 122.26173137591793 -47.77822247732207 131.26571655273438
70.0 197.0 194.36454897497714 -12.298792331996513 194.75328063964844
86.0 197.0 212.29668415240982 40.25833167179443 216.08010864257812
102.0 197.0 -122.9074768075127 266.53785578327404 293.5109558105469
118.0 197.0 -190.08689433239238 541.8004289202623 574.1782836914062
134.0 197.0 -201.32099801026092 293.1478275297545 355.62030029296875
150.0 197.0 -170.80365159225624 208.55702404016714 269.5735778808594
166.0 197.0 -60.81186612831664 -7.178514248088791 61.234092712402344
182.0 197.0 35.997068003999175 -82.4881211991809 90.00044250488281
198.0 197.0 -49.48419826902501 183.23702763471837 189.8011932373047
214.0 197.0 -133.250492051121 369.6508431760411 392.93438720703125
230.0 197.0 -107.31311379636442 159.7558226426866 192.45266723632812
246.0 197.0 -125.27642028620319 -128.2659773485859 179.29400634765625
262.0 197.0 -81.47684548532953 -108.69527036182915 135.8423309326172
278.0 197.0 63.2596255650365 -55.8787474835622 84.40505981445312
294.0 197.0 86.1339931365622 -32.460045221001565 92.04737854003906
310.0 197.0 77.92614554141747 148.2302426021377 167.46548461914062
326.0 197.0 315.37088071315463 167.17855298959498 356.9418029785156
342.0 197.0 593.090566013657 233.04573643814967 637.233642578125
358.0 197.0 468.66516613878656 119.2505005636584 483.5987243652344
374.0 197.0 140.375694051037 -65.48041826812248 154.8968048095703
390.0 197.0 -176.92175204607472 -36.830202556266244 180.71461486816406
406.0 197.0 -262.7758741381665 -189.42346569890307 323.9327087402344
422.0 197.0 -11.589733327483742 -100.63635886186535 101.30152130126953
438.0 197.0 185.52957761778134 83.1308436922894 203.30262756347656
454.0 197.0 165.7708283275423 123.6702958769892 206.8195037841797
470.0 197.0 166.1953770293484 -42.429688253294636 171.52603149414062
486.0 197.0 9.761141936192548 -224.58383222625108 224.7958526611328
502.0 197.0 -162.496411877244 -343.6848525553358 380.1636047363281
518.0 197.0 -156.96039629598334 -603.4796884776935 623.5578002929688
22.0 213.0 -67.3187613951038 429.2568302432939 434.5034484863281
38.0 213.0 47.821281793963216 59.88714246722194 76.63774871826172
54.0 213.0 93.21009425433407 -28.833730013692286 97.56795501708984
70.0 213.0 109.47188155169856 -42.992156520195856 117.6113052368164
86.0 213.0 -15.678289963637996 70.07178356789116 71.8043441772461
102.0 213.0 -149.84011324485712 73.05160699766574 166.69912719726562
118.0 213.0 -11.056180656775531 3.675956260426526 11.651256561279297
134.0 213.0 -25.453560291374874 66.40949987173029 71.120361328125
150.0 213.0 -116.07031721880749 -25.348488749852297 118.80599212646484
166.0 213.0 -74.57088557117062 -32.461222078335986 81.32987213134766
182.0 213.0 -130.64058649443666 114.3475433705481 173.61544799804688
198.0 213.0 -304.30610412334926 421.1433171755135 519.5805053710938
214.0 213.0 -44.47102554414726 428.6964727300735 430.9969177246094
230.0 213.0 91.62111334993789 129.02149036290612 158.24339294433594
246.0 213.0 176.27148863294195 -257.07843771073505 311.70654296875
262.0 213.0 326.9127614623232 66.80350204587032 333.6684875488281
278.0 213.0 236.50955145235073 299.01089308268513 381.2404479980469
294.0 213.0 -26.701797774019536 291.61542895132027 292.8353576660156
310.0 213.0 -70.64221148833494 345.4178259238735 352.56744384765625
326.0 213.0 111.08150259677677 229.56389415978958 255.02682495117188
342.0 213.0 257.52903122156806 236.53984267322883 349.674560546875
358.0 213.0 144.7440004623877 37.00416447860856 149.3992462158203
374.0 213.0 -133.14857698515257 -155.3932066082437 204.63526916503906
390.0 213.0 -257.3972663114339 -107.45190879809313 278.9252014160156
406.0 213.0 -252.37028725211468 -259.78088224450266 362.1834716796875
422.0 213.0 -159.49542959555114 -206.6379345453856 261.0326232910156
438.0 213.0 -46.13017262828352 83.78811100202945 95.64747619628906
454.0 213.0 56.98484376096365 185.3851349153782 193.94566345214844
470.0 213.0 180.42873995055444 60.3858701115206 190.26556396484375
486.0 213.0 178.91621660033934 -197.28913090418425 266.33441162109375
502.0 213.0 127.78014595851455 -240.04440660034828 271.9358215332031
518.0 213.0 -49.36549419871684 -376.377412714497 379.6009826660156
22.0 229.0 -119.37631863337805 259.51884008904796 285.6584167480469
38.0 229.0 29.47495439583422 128.25834198058615 131.60157775878906
54.0 229.0 96.43666850312222 152.94631362721674 180.81097412109375
70.0 229.0 109.46929639677553 43.8282731650033 117.91710662841797
86.0 229.0 54.58098233050435 15.21112468591041 56.66093826293945
102.0 229.0 68.77252402032242 -35.853594293186255 77.55733489990234
118.0 229.0 94.05016534460637 -158.52747827515802 184.32687377929688
134.0 229.0 26.669688800354773 -275.96855213921845 277.2542419433594
150.0 229.0 34.17401634061945 -380.92087671812897 382.45074462890625
166.0 229.0 133.38853114562156 -87.206827751706 159.36602783203125
182.0 229.0 166.91078905688912 196.01403649558102 257.4504089355469
198.0 229.0 97.6799029118246 279.84717258791386 296.40478515625
214.0 229.0 130.421161816371 275.990992621832 305.2551574707031
230.0 229.0 255.1191005728816 103.4494334131546 275.2953796386719
246.0 229.0 363.54243467377876 -193.46996408792896 411.8175964355469
262.0 229.0 417.1189431540494 -36.19009320407902 418.68597412109375
278.0 229.0 199.915025572879 363.20393366182975 414.587890625
294.0 229.0 -92.40175851832056 394.7373107035279 405.4079895019531
310.0 229.0 -246.38193941596214 272.1614177664163 367.1183776855469
326.0 229.0 -123.7212993490444 142.50878866790424 188.7212677001953
342.0 229.0 -94.68773489419053 103.19621110633223 140.0543670654297
358.0 229.0 -211.1863038442301 -34.67894640576739 214.01467895507812
374.0 229.0 -290.61327291455063 -189.0040076132587 346.6678466796875
390.0 229.0 -224.75917059449935 -65.44188544162864 234.09255981445312
406.0 229.0 -265.8956647704165 -159.86856422757518 310.2554931640625
422.0 229.0 -429.58959317590393 -115.67562531591044 444.8910827636719
438.0 229.0 -358.44903104272225 219.92192810949203 420.5369873046875
454.0 229.0 -67.20144285652091 291.8089215296087 299.44696044921875
470.0 229.0 132.47218698303402 146.0176620849524 197.1548614501953
486.0 229.0 191.13696188921713 -160.4190196071327 249.53477478027344
502.0 229.0 198.6473356668707 -189.99133476797297 274.877197265625
518.0 229.0 -102.4593491012794 -106.58131045830484 147.84280395507812
22.0 245.0 -212.16701197811912 8.151359736627404 212.32354736328125
38.0 245.0 -84.13980352541877 135.3085554470218 159.33584594726562
54.0 245.0 28.35522737916204 155.8194376790118 158.37840270996094
70.0 245.0 94.14651622158075 154.11438095670772 180.595703125
86.0 245.0 48.15790499418163 159.531796152375 166.64205932617188
102.0 245.0 -38.177811221526085 111.24053480837985 117.60952758789062
118.0 245.0 114.3571063910791 -71.61159436454346 134.9287567138672
134.0 245.0 225.5266822590483 -405.8687157943823 464.31854248046875
150.0 245.0 463.59026331452884 -837.7834028910045 957.4951782226562
166.0 245.0 570.1568939724567 -451.95280821090694 727.5577392578125
182.0 245.0 451.35277797779116 57.58354503915054 455.0111999511719
198.0 245.0 379.37290268398215 301.618171467315 484.6620788574219
214.0 245.0 160.83516136199293 384.7960037658518 417.0562438964844
230.0 245.0 64.34994924283457 149.32931636566846 162.60430908203125
246.0 245.0 -0.15080631512276005 -149.16873063286604 149.16880798339844
262.0 245.0 -85.12349228014435 -309.9642358162595 321.44024658203125
278.0 245.0 -80.45641912756965 230.3299313731498 243.97769165039062
294.0 245.0 -190.05701148572075 312.0394037433723 365.3631896972656
310.0 245.0 -295.5087035704488 100.93559672638297 312.2713317871094
326.0 245.0 -311.89491944144004 73.00376542469412 320.3248291015625
342.0 245.0 -295.17994269455716 89.75079699687771 308.52294921875
358.0 245.0 -250.62654400980364 -28.567594311398196 252.24942016601562
374.0 245.0 -257.6773147029466 -110.40529882891364 280.3335876464844
390.0 245.0 -209.60733624475137 101.97492242616612 233.0968017578125
406.0 245.0 -397.6645977478606 79.54068728131772 405.54144287109375
422.0 245.0 -544.1545544856468 64.54341095458132 547.968994140625
438.0 245.0 -345.56940235307724 256.5233387543731 430.374755859375
454.0 245.0 -132.58301642595416 225.31084326289692 261.4253845214844
470.0 245.0 15.149261512724795 81.30633142238946 82.70561981201172
486.0 245.0 42.5913730850314 -76.21454656768968 87.30797576904297
502.0 245.0 54.78350958877974 -64.35399887103624 84.51432037353516
518.0 245.0 -55.07887283391157 10.284372856933881 56.030799865722656
22.0 261.0 -344.4991668389285 -61.68097964074918 349.9774475097656
38.0 261.0 -102.97794298878283 136.94482169933144 171.34275817871094
54.0 261.0 67.03544998490123 161.532954195928 174.890380859375
70.0 261.0 44.403017606519505 247.43230836839984 251.38491821289062
86.0 261.0 -98.80133045457289 350.4446684674639 364.1059875488281
102.0 261.0 -215.8109327053526 299.123046014766 368.84814453125
118.0 261.0 85.08743281734209 -109.1465488119536 138.39378356933594
134.0 261.0 372.8036430937067 -260.93337626239224 455.048095703125
150.0 261.0 508.74259227992025 -535.8199331299223 738.8653564453125
166.0 261.0 597.352525039958 -338.76479239237614 686.7252807617188
182.0 261.0 471.8294406732284 24.314642522956916 472.4555358886719
198.0 261.0 468.3365726392018 375.06258462647486 600.0092163085938
214.0 261.0 447.46470597129326 573.6118161223183 727.499267578125
230.0 261.0 215.16265995648564 73.94095377305096 227.51315307617188
246.0 261.0 -97.14900848282439 -250.02508973707987 268.2358703613281
262.0 261.0 -535.7415366533683 -467.0837535783545 710.7645263671875
278.0 261.0 -657.8440619805635 -133.47235100506649 671.2478637695312
294.0 261.0 -319.13472607857847 206.09725879754112 379.89874267578125
310.0 261.0 -151.65138070193277 227.94039760661417 273.779052734375
326.0 261.0 -105.28786781686335 167.94209052828964 198.21725463867188
342.0 261.0 -83.03492192778546 70.79842228816126 109.12018585205078
358.0 261.0 -16.879526989584985 73.42334755358499 75.33860778808594
374.0 261.0 -164.02760974927094 17.428032942615626 164.9508819580078
390.0 261.0 -248.19987582717695 104.72833998208415 269.39044189453125
406.0 261.0 -159.75211039166413 357.6572744012792 391.7135009765625
422.0 261.0 -194.3185349456941 148.27797726010186 244.4300537109375
438.0 261.0 -124.59232258390978 91.19154393768294 154.39930725097656
454.0 261.0 -62.451266957897396 30.56841470550544 69.53120422363281
470.0 261.0 -0.7491832056841264 7.508262536019892 7.545547008514404
486.0 261.0 30.149800583746032 16.330457815382026 34.28839874267578
502.0 261.0 124.50899023840395 23.747870546003035 126.75350189208984
518.0 261.0 155.1543870168706 59.524317492666675 166.1807098388672
22.0 277.0 -467.1552819887679 -124.09494283516094 483.3565979003906
38.0 277.0 -87.62968713436301 86.57649628941219 123.18462371826172
54.0 277.0 135.16042572465045 236.19538495870833 272.1334228515625
70.0 277.0 107.41595055004791 308.528485353745 326.6925354003906
86.0 277.0 -9.613279958698714 382.13349491713143 382.25439453125
102.0 277.0 72.61421885875932 424.92290464707986 431.08270263671875
118.0 277.0 365.59459214493955 -20.89696164938567 366.1913146972656
134.0 277.0 453.5635147444987 -55.96092558494875 457.0027160644531
150.0 277.0 285.82932866041534 -63.22325376714461 292.7380676269531
166.0 277.0 220.67439188649982 -106.0154472192832 244.81924438476562
182.0 277.0 188.05894515949646 114.29761395253009 220.06842041015625
198.0 277.0 168.8670848739607 319.572253092109 361.4450378417969
214.0 277.0 218.27010606144208 396.56530125039455 452.6653137207031
230.0 277.0 158.51586077589064 -71.21132362591874 173.77667236328125
246.0 277.0 -171.15786698822652 -246.22025872813975 299.8656921386719
262.0 277.0 -740.9727206283945 -348.02318948753316 818.6334228515625
278.0 277.0 -639.734902117323 -181.13961451506248 664.8851928710938
294.0 277.0 -516.9532311331697 36.686332373112926 518.2533569335938
310.0 277.0 -81.17127887154228 72.30149661168059 108.70272827148438
326.0 277.0 144.70969527179156 -138.3940406050044 200.234375
342.0 277.0 106.65738352393767 -16.87542988623777 107.9841537475586
358.0 277.0 32.81140247427149 164.3230841095689 167.56689453125
374.0 277.0 -120.67573896564384 157.10913898215742 198.10581970214844
390.0 277.0 -118.98480620245809 123.15627675190362 171.24501037597656
406.0 277.0 117.32283687472707 292.6130402441742 315.2571105957031
422.0 277.0 91.53684572907746 207.43737907572887 226.73609924316406
438.0 277.0 -19.66937125285237 20.407802313974763 28.343650817871094
454.0 277.0 21.093644143928802 -50.98270057334994 55.17406463623047
470.0 277.0 46.55000843891591 87.57575831654763 99.1787109375
486.0 277.0 36.834158097345295 105.04476633123673 111.31558227539062
502.0 277.0 226.47765152863767 105.41902881494578 249.81053161621094
518.0 277.0 316.2618813092871 17.179492802506118 316.7281494140625
22.0 293.0 -472.65768210508634 -30.87393695014007 473.6649475097656
38.0 293.0 -177.58496715933543 -69.71972723472938 190.78065490722656
54.0 293.0 86.9328420113996 134.13586974125673 159.8428955078125
70.0 293.0 147.0543805295103 221.31672913913366 265.7180480957031
86.0 293.0 149.99434167469727 353.1582308747558 383.69134521484375
102.0 293.0 319.51750770347036 433.4976913138099 538.52734375
118.0 293.0 757.3048311398884 213.8333326349835 786.9150390625
134.0 293.0 645.7020989250055 236.76094322027484 687.740478515625
150.0 293.0 51.279441605060185 161.34319331455634 169.2962188720703
166.0 293.0 -361.4250406755488 -48.54775997993112 364.6710205078125
182.0 293.0 -376.7821505744402 84.67799275727111 386.1802062988281
198.0 293.0 -301.76891422597873 179.6273034986424 351.1843566894531
214.0 293.0 -281.8391928731249 128.2519687324037 309.64801025390625
230.0 293.0 -304.80228254654605 -16.327473690688336 305.2392883300781
246.0 293.0 -439.8523755309868 10.503638195954073 439.977783203125
262.0 293.0 -667.1263696626314 -72.85418127092653 671.0926513671875
278.0 293.0 -642.4658762922429 -223.94447338898263 680.3775024414062
294.0 293.0 -437.7897570931431 -329.6988298304996 548.0521850585938
310.0 293.0 -124.134542571112 -450.53812070119693 467.326416015625
326.0 293.0 59.86787643605282 -495.0654713776775 498.6722106933594
342.0 293.0 74.19470106404879 -215.77907337117654 228.17857360839844
358.0 293.0 -31.457489299129996 157.91215264434004 161.0149688720703
374.0 293.0 -183.7669286325913 130.05953466990684 225.13499450683594
390.0 293.0 -126.95904657211595 -64.40287371411094 142.35986328125
406.0 293.0 98.23451359567663 145.42595932002294 175.49566650390625
422.0 293.0 186.93476477536703 203.4792488902454 276.3121643066406
438.0 293.0 83.89762601060828 -74.94584662041763 112.49752044677734
454.0 293.0 -12.820561921029677 -29.557481250214693 32.21818542480469
470.0 293.0 -113.24144675981633 424.0065918569807 438.86810302734375
486.0 293.0 -121.35965025780077 278.85235570925295 304.1164245605469
502.0 293.0 225.84695639154046 33.265154193501395 228.28363037109375
518.0 293.0 407.47374393159333 -248.01755222555536 477.0194396972656
22.0 309.0 -458.98926096503493 360.74940477348326 583.7904663085938
38.0 309.0 -283.38586668385483 -442.88475840103484 525.7893676757812
54.0 309.0 87.4795793211903 -330.75969291003264 342.13250732421875
70.0 309.0 188.41966042861685 26.025055769946984 190.20849609375
86.0 309.0 179.74348038462009 266.90572618441485 321.7862548828125
102.0 309.0 238.2790307907752 224.6691163782559 327.4952087402344
118.0 309.0 179.31475363308306 245.08200037636416 303.6757507324219
134.0 309.0 -19.714893101180664 459.10519920648295 459.5282897949219
150.0 309.0 -283.07797608398664 389.3638423935411 481.39105224609375
166.0 309.0 -510.10846219899315 27.728851531950806 510.861572265625
182.0 309.0 -544.7312649612244 93.03549915370431 552.6190185546875
198.0 309.0 -641.3834815106167 91.11161260468457 647.8225708007812
214.0 309.0 -843.4075650299997 15.602548328108623 843.5518798828125
230.0 309.0 -841.4110581892345 -11.76276450211451 841.4932861328125
246.0 309.0 -533.2315980163919 134.85888339993585 550.020751953125
262.0 309.0 -229.63057979260216 199.44656398460958 304.15313720703125
278.0 309.0 -135.06634178355563 -194.47983160259105 236.7811737060547
294.0 309.0 -121.4059011902603 -660.5310717283345 671.5956420898438
310.0 309.0 -77.65579045279063 -780.4370140880482 784.291015625
326.0 309.0 -13.164424991475121 -632.247694913399 632.3847045898438
342.0 309.0 -15.61402400233876 -371.4613610940094 371.78936767578125
358.0 309.0 -84.1196736413161 56.29400883114662 101.21825408935547
374.0 309.0 -189.6633695974835 14.607286318673829 190.22503662109375
390.0 309.0 -81.1972551833077 -221.5626618345665 235.97247314453125
406.0 309.0 111.39471876473013 -70.02039369123648 131.57369995117188
422.0 309.0 242.09277074814855 71.91413204730107 252.54811096191406
438.0 309.0 153.20068476074516 -82.24340093915502 173.8804931640625
454.0 309.0 -167.24054391377388 194.66371912710957 256.6385803222656
470.0 309.0 -141.8294795633066 681.9385636353196 696.53125
486.0 309.0 268.2115768060267 298.52370801288396 401.3151550292969
502.0 309.0 418.96992954088495 -90.71793275384988 428.6788330078125
518.0 309.0 -413.66168300591653 -417.14404410033734 587.4735107421875
