22.0 21.0 -238.93311713851102 355.08181534561544 427.98614501953125
38.0 21.0 -335.30744932405685 -166.41985388805858 374.3349609375
54.0 21.0 -288.40301086488626 -333.31328023722403 440.7652893066406
70.0 21.0 -197.78399302699884 -160.84766354209606 254.9322967529297
86.0 21.0 25.713554752875513 -81.01563759579841 84.99835205078125
102.0 21.0 269.37897999688175 -52.1689617405384 274.38409423828125
118.0 21.0 320.06588109231694 -53.56791843809746 324.51763916015625
134.0 21.0 179.06373638686486 -247.60983854971087 305.57232666015625
150.0 21.0 42.376649759995786 -395.72589825824923 397.9884033203125
166.0 21.0 7.489906574298999 -374.5228201989006 374.59771728515625
182.0 21.0 75.56874098925755 -306.7979262458175 315.96771240234375
198.0 21.0 124.0984843166705 -73.47812275027356 144.22021484375
214.0 21.0 1.3624788770389267 56.38384045206916 56.400299072265625
230.0 21.0 -142.7380050626766 3.2113718335701145 142.7741241455078
246.0 21.0 -260.73530700195283 -9.466072005430327 260.9070739746094
262.0 21.0 -206.54933381107807 83.50757321399468 222.7917022705078
278.0 21.0 -11.25347165004257 142.14084232138666 142.5856170654297
294.0 21.0 72.5347968066756 240.92142035608668 251.6037139892578
310.0 21.0 11.270926874205818 327.4658463720947 327.6597595214844
326.0 21.0 -97.50225403800482 332.45265370749627 346.45556640625
342.0 21.0 -209.56493313219173 59.90087335523606 217.95773315429688
358.0 21.0 -230.44531534020987 -358.46571284792344 426.148681640625
374.0 21.0 -142.09411336613204 -428.2917540408098 451.2477722167969
390.0 21.0 -45.069283898174234 -329.83421613486104 332.899169921875
406.0 21.0 -82.30699604562355 -343.2555408468925 352.9855651855469
422.0 21.0 -76.24014457989118 -409.18671018032376 416.22869873046875
438.0 21.0 52.70464553407895 -406.72782307788566 410.1283874511719
454.0 21.0 327.28417084639483 -164.09154410914843 366.1160583496094
470.0 21.0 527.9176646503599 -194.38712451792208 562.568603515625
486.0 21.0 553.4622705273049 -213.4157232496394 593.18359375
502.0 21.0 524.1219672432431 37.23477825678339 525.4429321289062
518.0 21.0 274.9183589695949 142.6560120341902 309.72705078125
22.0 37.0 -482.1078730210917 -393.453490174976 622.281005859375
38.0 37.0 -477.341742634224 -342.08176437442893 587.2606811523438
54.0 37.0 -440.61414725755 -114.73270722007543 455.30694580078125
70.0 37.0 -336.5436291851936 42.41104245744665 339.2054138183594
86.0 37.0 -32.20389958926951 -64.93552646609797 72.48250579833984
102.0 37.0 196.8195030067213 -189.0246841272321 272.8887023925781
118.0 37.0 217.61776106199616 -171.48582777760328 277.06475830078125
134.0 37.0 170.62462067892935 -161.94651784253 235.24334716796875
150.0 37.0 61.8126759199133 -251.84948344822843 259.3240661621094
166.0 37.0 15.430507062632074 -336.44928080626124 336.8029479980469
182.0 37.0 102.10689670720981 -393.23082936330394 406.2712097167969
198.0 37.0 229.71213962472095 -372.5183514060456 437.65008544921875
214.0 37.0 215.20739633431563 -277.8553389643932 351.4510192871094
230.0 37.0 -0.15068557621007608 -96.15488116785528 96.15499877929688
246.0 37.0 -204.29866171234355 63.94614704085638 214.07254028320312
262.0 37.0 -169.91751608123107 206.9010242655064 267.731201171875
278.0 37.0 -23.0850664567957 153.99214444768594 155.71287536621094
294.0 37.0 -14.756422611373228 134.31079854534167 135.11898803710938
310.0 37.0 -9.928000721427475 158.80477484569698 159.11480712890625
326.0 37.0 59.29435082448756 143.4704824884871 155.24046325683594
342.0 37.0 75.58780925125613 -23.15170311996186 79.05389404296875
358.0 37.0 104.34015567254906 -216.55026733850755 240.37655639648438
374.0 37.0 167.7921093904914 -126.81701563458653 210.32533264160156
390.0 37.0 237.31488058674512 41.38401900945251 240.89622497558594
406.0 37.0 178.22003381976128 -56.01161671485761 186.81455993652344
422.0 37.0 113.09525582556137 -202.7653010723202 232.17300415039062
438.0 37.0 237.15740760735642 -426.29372777887784 487.8216552734375
454.0 37.0 398.55731109262933 -411.9278880703338 573.1775512695312
470.0 37.0 363.61147149682057 -314.80829348606875 480.954833984375
486.0 37.0 139.55144842412628 -253.01776150807487 288.9508361816406
502.0 37.0 169.00997582153408 -58.5958927609069 178.87942504882812
518.0 37.0 132.39949235278067 66.22956153926873 148.04046630859375
22.0 53.0 -386.4541452091333 -633.9219692586801 742.4310302734375
38.0 53.0 -570.2675610058039 -243.2669919420356 619.987060546875
54.0 53.0 -544.4068985794257 84.46574459055141 550.9204711914062
70.0 53.0 -304.21507198511375 229.601769390111 381.1348571777344
86.0 53.0 26.367829124355715 113.40539340189589 116.43043518066406
102.0 53.0 152.300467056611 -97.65849911232999 180.92156982421875
118.0 53.0 93.48507080914975 -147.1475443793813 174.33261108398438
134.0 53.0 70.47637561543596 -7.966815357295947 70.92523956298828
150.0 53.0 96.89553375845851 14.472911770321579 97.97045135498047
166.0 53.0 15.960122745233834 -144.6607202257486 145.53848266601562
182.0 53.0 26.052670736372875 -448.7426975556409 449.4983215332031
198.0 53.0 183.36691241252277 -529.5817447303243 560.4286499023438
214.0 53.0 197.35137183472077 -222.453768134066 297.3772888183594
230.0 53.0 89.08291074520088 -22.88061653101881 91.9743881225586
246.0 53.0 -41.357237645152374 102.21113755302504 110.26122283935547
262.0 53.0 -56.71630146075729 162.1907113654114 171.82131958007812
278.0 53.0 10.09564717646117 83.17143697853416 83.78192138671875
294.0 53.0 37.13010457539547 75.72391550253232 84.337158203125
310.0 53.0 142.4000549565915 44.131846353965386 149.08184814453125
326.0 53.0 291.11220762676544 43.87195836679541 294.3995056152344
342.0 53.0 240.4435007873231 -15.446461824455934 240.93914794921875
358.0 53.0 157.9965996957602 -72.52008434649925 173.8450164794922
374.0 53.0 203.87118297047007 80.9860539700336 219.3677215576172
390.0 53.0 353.53829088212905 227.01733183785078 420.15020751953125
406.0 53.0 171.84649353930953 120.14354826452187 209.67996215820312
422.0 53.0 49.120310420307675 -98.44202616456003 110.01653289794922
438.0 53.0 142.3627732185529 -324.717174522183 354.5538024902344
454.0 53.0 194.56592039024414 -326.4706192870167 380.05126953125
470.0 53.0 43.47852385722845 -168.61961390479976 174.13487243652344
486.0 53.0 -95.75694290953103 -240.067878906068 258.4607849121094
502.0 53.0 -56.23041292688835 -200.77753315581668 208.50294494628906
518.0 53.0 -78.82325812543097 -16.099608083701863 80.45063018798828
22.0 69.0 -122.57761309761625 -482.92061482835925 498.2344665527344
38.0 69.0 -223.23044878023904 -142.52257734933485 264.8481140136719
54.0 69.0 -257.8323113136444 91.0772029963637 273.4457092285156
70.0 69.0 -165.4843679787495 256.3871889293696 305.1548156738281
86.0 69.0 -53.032863871087706 196.73222085625548 203.7548828125
102.0 69.0 19.137386687193107 -2.259858029463897 19.270353317260742
118.0 69.0 11.295815150897539 -97.33916242334739 97.99238586425781
134.0 69.0 34.46679577641058 9.99648411626617 35.88718032836914
150.0 69.0 157.68571937014664 163.67809715647647 227.2780303955078
166.0 69.0 279.43036293848286 41.89297753057677 282.5532531738281
182.0 69.0 231.68638745362486 -451.5089926426999 507.48297119140625
198.0 69.0 -47.912620727876366 -320.83209056036367 324.38995361328125
214.0 69.0 -244.43517040482433 -44.3514483054853 248.42625427246094
230.0 69.0 -113.59076583181304 1.8595954298178807 113.60598754882812
246.0 69.0 29.21917879814466 61.51824279701319 68.104736328125
262.0 69.0 26.89598133050671 9.357773535208528 28.47739028930664
278.0 69.0 14.349352474272731 10.172244142599466 17.589157104492188
294.0 69.0 153.7715906780404 88.18108093020366 177.2613983154297
310.0 69.0 455.4286378549714 76.14544438606126 461.7503356933594
326.0 69.0 497.33169021314967 168.402528635017 525.0697021484375
342.0 69.0 359.93974507150085 125.37991290005864 381.15185546875
358.0 69.0 141.2514935221234 5.0784425107774736 141.34275817871094
374.0 69.0 208.62951774354758 46.83609642969383 213.82211303710938
390.0 69.0 413.8416466288193 214.46220312265962 466.1104431152344
406.0 69.0 311.6406934096822 235.0815101011368 390.3629455566406
422.0 69.0 92.59477804036317 3.4211965043599006 92.657958984375
438.0 69.0 13.595654748586238 -54.02247672939425 55.707000732421875
454.0 69.0 -87.0307009309492 39.963525518712956 95.76756286621094
470.0 69.0 -180.94096753056743 65.45534023336234 192.4163055419922
486.0 69.0 -202.39396653733925 -100.08642565548519 225.7888641357422
502.0 69.0 -244.83285568523948 -109.39205887230972 268.1599426269531
518.0 69.0 -238.38212882806826 -150.93535220987818 282.1480407714844
22.0 85.0 109.40057525788067 -182.88591560759315 213.1096954345703
38.0 85.0 9.807382869563488 7.756670641967239 12.504027366638184
54.0 85.0 -65.17964524564336 143.03533696442517 157.18617248535156
70.0 85.0 -46.91971788965094 195.25736938697992 200.81558227539062
86.0 85.0 -62.57885374393305 200.93693532504136 210.45608520507812
102.0 85.0 4.390080232663637 66.54532194306074 66.68997192382812
118.0 85.0 137.12814889715176 -89.54626889242299 163.77626037597656
134.0 85.0 126.04049981770487 -77.93904151026555 148.19143676757812
150.0 85.0 167.58242604525915 102.45744952354805 196.42147827148438
166.0 85.0 347.823380496622 36.523364656882165 349.7356872558594
182.0 85.0 383.4199165277972 -206.37753295088706 435.4337158203125
198.0 85.0 175.3463595609651 -94.65455265719334 199.26321411132812
214.0 85.0 -73.13595731921345 -85.12228581525717 112.22598266601562
230.0 85.0 -182.02120575339194 -52.30085874055368 189.3861083984375
246.0 85.0 -110.52555373245266 42.129932134454435 118.2828369140625
262.0 85.0 -18.765250037169032 -7.559591586295159 20.23072052001953
278.0 85.0 37.43860617768239 34.840538966490136 51.14208221435547
294.0 85.0 148.49646133351783 104.97704307246727 181.85537719726562
310.0 85.0 262.417956332058 114.5607925592331 286.3343505859375
326.0 85.0 202.29947076009887 278.6962847507755 344.37872314453125
342.0 85.0 -40.002453166301706 277.37483954211575 280.2445373535156
358.0 85.0 -110.18390942649708 14.20814234296028 111.09619903564453
374.0 85.0 -1.7287908660481255 -12.963613826487432 13.078378677368164
390.0 85.0 100.68431928504206 79.80866851379952 128.47862243652344
406.0 85.0 130.97378908614766 197.58281377885734 237.05084228515625
422.0 85.0 67.2428562461996 107.35740460693926 126.67759704589844
438.0 85.0 -20.399068666553486 44.780886810717035 49.208229064941406
454.0 85.0 -102.9585809805055 129.9790408493374 165.81622314453125
470.0 85.0 -205.74334944374456 109.2604727058299 232.95530700683594
486.0 85.0 -312.4335228393644 22.237587864045285 313.2239074707031
502.0 85.0 -367.32404911934634 -34.83893818776691 368.9725036621094
518.0 85.0 -318.99321702021894 -284.8439466879228 427.65960693359375
22.0 101.0 89.90039298630683 132.08074136455846 159.77297973632812
38.0 101.0 7.897299740673364 223.4381251960936 223.57765197753906
54.0 101.0 -17.889392169966143 202.01245208281475 202.80300903320312
70.0 101.0 84.52780617328986 161.3266383515444 182.1297149658203
86.0 101.0 134.55842109437808 174.10858984892718 220.044921875
102.0 101.0 190.8463960622468 145.19156759305724 239.79769897460938
118.0 101.0 197.12887051133976 -8.005521998799335 197.29135131835938
134.0 101.0 46.02790434963749 -116.38998608051942 125.16068267822266
150.0 101.0 32.29437082978484 -95.32080473749505 100.6428451538086
166.0 101.0 141.78714868656155 -0.7469647636999309 141.78912353515625
182.0 101.0 214.08184799723162 14.077182454743621 214.54417419433594
198.0 101.0 202.75223340106376 66.12498455449435 213.26271057128906
214.0 101.0 9.556710718437767 16.68515622762431 19.228239059448242
230.0 101.0 -191.3981299326259 9.734306168180673 191.6455078125
246.0 101.0 -143.4599240089139 84.99399055409437 166.74749755859375
262.0 101.0 -26.439486045166714 58.08734555701346 63.82151794433594
278.0 101.0 57.943439087141954 78.73207441748022 97.75572204589844
294.0 101.0 133.98742748780677 96.96899034633213 165.39532470703125
310.0 101.0 145.35836586047483 168.60699204375308 222.61485290527344
326.0 101.0 -30.767116914358486 315.83532969548656 317.33038330078125
342.0 101.0 -154.75008723315744 215.72847898464306 265.49267578125
358.0 101.0 -225.19008518715867 7.835184648513144 225.32635498046875
374.0 101.0 -278.43515070342846 -23.723070309506085 279.4439392089844
390.0 101.0 -242.43177811982153 3.541746067738233 242.4576416015625
406.0 101.0 -177.6955076645955 113.66667804936112 210.94029235839844
422.0 101.0 -81.15993719043749 51.79856179032361 96.28097534179688
438.0 101.0 -7.824248037846126 -77.4276255722395 77.82195281982422
454.0 101.0 4.748078400619892 -5.670720032545627 7.396033763885498
470.0 101.0 -141.18231272055806 13.40543822400722 141.81732177734375
486.0 101.0 -298.7747744133258 -162.3034215242932 340.01287841796875
502.0 101.0 -241.11296390294754 -190.22695657742344 307.11846923828125
518.0 101.0 -202.314234940473 -390.2424061181282 439.56817626953125
22.0 117.0 -16.934933681146916 263.7143358866868 264.2575378417969
38.0 117.0 38.28823928123298 346.5570966108745 348.665771484375
54.0 117.0 54.03045741240072 172.2220255991366 180.49851989746094
70.0 117.0 124.5438865133525 89.4221028647127 153.321533203125
86.0 117.0 259.43185582277073 194.90556651115207 324.4889221191406
102.0 117.0 254.31869757663236 350.52291117165527 433.0638732910156
118.0 117.0 73.04577730809002 160.87090465208104 176.6780548095703
134.0 117.0 -62.3256674509475 -28.136726319270778 68.38248443603516
150.0 117.0 -100.27410752323286 -133.6665642956055 167.09771728515625
166.0 117.0 -118.96747498880504 -14.312814204851836 119.82536315917969
182.0 117.0 -36.989641950205815 87.15629979812785 94.68080139160156
198.0 117.0 -26.91399272044736 68.48884581104024 73.5872573852539
214.0 117.0 -169.49103224549344 69.23239833297671 183.08560180664062
230.0 117.0 -216.71859892898397 96.69682242248017 237.31251525878906
246.0 117.0 -52.42411245816656 33.344059014973816 62.12981414794922
262.0 117.0 -48.11114959741303 56.020282041008876 73.84412384033203
278.0 117.0 -32.85505100130295 60.180830190691886 68.56520080566406
294.0 117.0 24.73906142920394 -12.47116810046934 27.704713821411133
310.0 117.0 -50.734142209835596 111.61391729460226 122.60350799560547
326.0 117.0 -58.07235432100323 391.0372039153494 395.3258056640625
342.0 117.0 -52.13410818007391 144.0034262591634 153.1501007080078
358.0 117.0 -179.54648541381874 44.93149845197178 185.0831756591797
374.0 117.0 -186.1273611725587 52.53715117483678 193.39996337890625
390.0 117.0 -166.71398899849743 29.195000342480093 169.25100708007812
406.0 117.0 -79.61497385962012 100.9510057134305 128.56768798828125
422.0 117.0 -16.191104256722884 -68.69829600937076 70.58050537109375
438.0 117.0 64.711984549802 -166.9975265507592 179.09722900390625
454.0 117.0 80.69494042851561 -18.67864611609997 82.82852935791016
470.0 117.0 -34.95435164853859 -34.719615055558435 49.267215728759766
486.0 117.0 -210.194620541109 -351.60936932165674 409.6473083496094
502.0 117.0 -72.99158292545202 -368.0634496368652 375.2312316894531
518.0 117.0 147.50722527184774 -411.81736300743574 437.4378967285156
22.0 133.0 -151.05134392617853 174.47379440468944 230.77610778808594
38.0 133.0 219.2643725481584 289.87979407296655 363.4654846191406
54.0 133.0 263.59060831844215 201.82291409409385 331.982666015625
70.0 133.0 48.453252944557896 68.78036059652801 84.13356018066406
86.0 133.0 -98.4189689484155 118.38038039405933 153.94871520996094
102.0 133.0 73.7726999653249 242.52275136433596 253.49496459960938
118.0 133.0 98.74534947370209 112.56719081731592 149.7398223876953
134.0 133.0 36.47684125941069 -38.15075636023385 52.782955169677734
150.0 133.0 -114.44692432928834 -99.74102642079895 151.81031799316406
166.0 133.0 -271.1754410018133 -67.92078758737004 279.55206298828125
182.0 133.0 -178.55701456702582 -35.97974026840845 182.1459503173828
198.0 133.0 -67.48631156375829 -65.74001510087514 94.21333312988281
214.0 133.0 1.7079755356011697 -49.255450836604965 49.28505325317383
230.0 133.0 99.395940088751 -24.486007938034856 102.36756134033203
246.0 133.0 156.41429111669675 -46.296724608596556 163.12208557128906
262.0 133.0 15.070351044779505 -79.41073432733539 80.82808685302734
278.0 133.0 -77.05457663213026 -76.04675904803236 108.26133728027344
294.0 133.0 -77.90689858990262 -118.03176713149193 141.42483520507812
310.0 133.0 -150.23496890821266 -71.68986910155266 166.46316528320312
326.0 133.0 -43.171396795032884 135.06812651119552 141.79974365234375
342.0 133.0 12.603654763433772 78.98706700147157 79.9863052368164
358.0 133.0 -120.3429622281006 49.647771121305134 130.18191528320312
374.0 133.0 -1.5559053617347622 80.8981936456688 80.91315460205078
390.0 133.0 120.23474463198389 0.5318520624526435 120.23592376708984
406.0 133.0 134.34222729424516 -11.963911304223435 134.8739013671875
422.0 133.0 120.41508531804676 -137.83088242495376 183.02224731445312
438.0 133.0 184.1542416667424 -171.16566154207496 251.4169158935547
454.0 133.0 188.81896783200992 88.67376877511813 208.60401916503906
470.0 133.0 48.223479777933406 51.361642228921546 70.4522705078125
486.0 133.0 -43.801137588558014 -257.1876784027308 260.890869140625
502.0 133.0 90.96675906953037 -498.1539182391532 506.39141845703125
518.0 133.0 266.3023509798085 -346.5114124912784 437.0207214355469
22.0 149.0 -209.54525673982695 -66.26763951568506 219.7740020751953
38.0 149.0 249.11006689659735 63.810135395125116 257.1528015136719
54.0 149.0 363.7490768751013 305.9298657071099 475.29620361328125
70.0 149.0 4.009644755145222 250.58410593904398 250.61618041992188
86.0 149.0 -204.34332767560284 28.474387286026655 206.31768798828125
102.0 149.0 -170.60226844993443 -54.605420443914845 179.1281280517578
118.0 149.0 -73.79727425875247 -19.414498713081564 76.3083267211914
134.0 149.0 -64.54564093566871 -7.719588739356631 65.00563049316406
150.0 149.0 -170.26924361146624 -55.50832054954075 179.08877563476562
166.0 149.0 -271.8707544017471 -135.101294315697 303.5886535644531
182.0 149.0 -127.18013670357823 -192.7230919285631 230.90469360351562
198.0 149.0 63.62476520052108 -183.0783949722914 193.8190155029297
214.0 149.0 116.1851381080072 -124.8675232193412 170.5605010986328
230.0 149.0 159.2717678700596 -55.3457991207185 168.61392211914062
246.0 149.0 206.5955168932593 -18.76347532995171 207.44583129882812
262.0 149.0 90.4964875952787 -144.15056554877492 170.20281982421875
278.0 149.0 -10.396708831845839 -104.48663043461218 105.00260925292969
294.0 149.0 -68.34545818036806 -102.37999175422412 123.09656524658203
310.0 149.0 -106.97793455168245 -84.84767024228627 136.54086303710938
326.0 149.0 -81.27144347046065 10.975649613368587 82.00922393798828
342.0 149.0 -73.89203498834331 22.5826770328021 77.26583862304688
358.0 149.0 -58.24425871269439 -5.030473432517833 58.46109390258789
374.0 149.0 72.05079910578382 -9.5789450249754 72.68475341796875
390.0 149.0 132.20088536616586 -5.219994100160213 132.3039093017578
406.0 149.0 123.22843175949987 -63.28204942859472 138.52748107910156
422.0 149.0 155.67142316233597 -138.07726408682691 208.0839385986328
438.0 149.0 162.0589920378052 -86.10401795922019 183.51300048828125
454.0 149.0 233.3563538411869 245.4633718839154 338.68487548828125
470.0 149.0 207.5718610783792 133.14892935448364 246.6063995361328
486.0 149.0 155.9389431378437 -182.5372061674372 240.07662963867188
502.0 149.0 198.66749774463557 -300.9436853824582 360.6048889160156
518.0 149.0 40.69693658076354 -60.358505965587504 72.79690551757812
22.0 165.0 -292.09909566320306 -190.19215920620576 348.5612487792969
38.0 165.0 40.25627754170427 -136.24288919656348 142.06581115722656
54.0 165.0 194.81504449103812 421.59349045290435 464.42864990234375
70.0 165.0 134.65935199902373 384.6545782684828 407.5442199707031
86.0 165.0 11.487540968714363 136.3741702084063 136.85714721679688
102.0 165.0 -116.65348432766916 70.19693102946846 136.1456756591797
118.0 165.0 -292.15708892375056 -40.815672654347566 294.994384765625
134.0 165.0 -268.15457363134004 44.07278488946661 271.75225830078125
150.0 165.0 -218.59463325757616 -25.478488384507013 220.074462890625
166.0 165.0 -235.84065987416238 -136.1994817376063 272.34375
182.0 165.0 -96.95557292792266 -222.17811018465707 242.41183471679688
198.0 165.0 29.17358436986672 -194.65339721321956 196.8274383544922
214.0 165.0 32.69090334410883 -65.27498690148595 73.00355529785156
230.0 165.0 34.95036501690528 -19.892438293058227 40.21488571166992
246.0 165.0 33.44197689523776 -46.25355124243949 57.07676315307617
262.0 165.0 65.83600537269399 -170.8715452646202 183.11598205566406
278.0 165.0 129.67490292565134 -123.5164387401381 179.08627319335938
294.0 165.0 10.35417312842248 -23.79981621615057 25.954578399658203
310.0 165.0 -76.01022381064665 46.07378020908592 88.88389587402344
326.0 165.0 -13.807810231732674 114.20072714083662 115.03244018554688
342.0 165.0 68.1136869825399 7.593223958813158 68.5356216430664
358.0 165.0 118.0066372091862 -129.4790083620201 175.18670654296875
374.0 165.0 74.46082475751406 -114.27795736798122 136.39599609375
390.0 165.0 53.46447770964135 1.9591596980983197 53.500362396240234
406.0 165.0 91.20145534631773 -52.35062338445908 105.15841674804688
422.0 165.0 86.15777420177918 -104.05198206463325 135.09246826171875
438.0 165.0 15.90465457652639 9.290289666104025 18.41921615600586
454.0 165.0 55.43738514035923 152.7787177654334 162.52581787109375
470.0 165.0 163.93051909118816 94.34442641957644 189.140380859375
486.0 165.0 115.04283714942858 -98.08573838575035 151.180908203125
502.0 165.0 21.45423509193646 -144.57234609488177 146.1555633544922
518.0 165.0 -209.35033977492353 -121.48153164678028 242.0440673828125
22.0 181.0 -300.0910034542258 -81.36386067665651 310.925537109375
38.0 181.0 -80.74766245633084 -190.87007454808352 207.2476043701172
54.0 181.0 87.89524766118639 8.380667139666864 88.29388427734375
70.0 181.0 117.60173563400703 58.09491614328795 131.16854858398438
86.0 181.0 85.34406939943793 128.97820105742395 154.6576385498047
102.0 181.0 -60.2436124416505 297.88826009276835 303.9189147949219
118.0 181.0 -278.1549870233176 229.5562491116782 360.6470031738281
134.0 181.0 -285.22797012194474 95.04932642726806 300.64825439453125
150.0 181.0 -207.85126724880388 7.536481579018414 207.98785400390625
166.0 181.0 -166.68153574469125 -56.801210905472004 176.0940399169922
182.0 181.0 18.555281893110987 -120.38036744179445 121.80201721191406
198.0 181.0 55.9700263019987 -96.69520063942934 111.72557830810547
214.0 181.0 -17.10593784575349 -3.8633022610211136 17.536767959594727
230.0 181.0 -27.34095554150642 -30.74790703432425 41.14561462402344
246.0 181.0 -28.11705975303564 -121.07873131437707 124.30055236816406
262.0 181.0 33.22575459784242 -216.69776298059298 219.2301788330078
278.0 181.0 110.32216776747447 -223.27083456159514 249.03985595703125
294.0 181.0 48.514292388188956 -16.58880704829128 51.27206802368164
310.0 181.0 48.39825865107402 137.78791341138208 146.04075622558594
326.0 181.0 233.2770644728207 227.4094014292328 325.78094482421875
342.0 181.0 356.72624562643284 47.08737431783628 359.820556640625
358.0 181.0 181.7770615895956 -69.22554893243932 194.5124053955078
374.0 181.0 20.324787652208407 -72.80397767016895 75.58780670166016
390.0 181.0 -21.406858866028497 -32.05097090611475 38.542423248291016
406.0 181.0 -3.0202248973727674 -74.92349578932179 74.98434448242188
422.0 181.0 0.2954589180864583 -84.08571382590455 84.08623504638672
438.0 181.0 -33.445247127958396 4.924583757266996 33.80585861206055
454.0 181.0 39.8108044841111 63.342796021328546 74.81450653076172
470.0 181.0 84.31202748050228 81.12220288635805 117.00141143798828
486.0 181.0 -54.79970135797298 -42.650259384211715 69.44099426269531
502.0 181.0 -192.74319598514498 -216.72816387759943 290.0362548828125
518.0 181.0 -241.94561983714576 -348.1290908659124 423.94757080078125
22.0 197.0 -170.153457443107 174.81984949553092 243.9552764892578
38.0 197.0 -3.5358101562832127 -67.89695023075183 67.98895263671875
54.0 197.0 117.20538910916342 -82.27779238617877 143.2017364501953
70.0 197.0 159.54384187831548 -132.50319553681243 207.39173889160156
86.0 197.0 44.01521991379525 57.09033729896721 72.0877685546875
102.0 197.0 -197.94427803872878 380.56932414933607 428.9696350097656
118.0 197.0 -225.37987461963093 359.92466515015207 424.666748046875
134.0 197.0 -82.79116603654123 159.62744821815087 179.8201904296875
150.0 197.0 -114.050682743721 60.706488678038 129.2007598876953
166.0 197.0 -75.33643994350238 -23.853146419448816 79.02247619628906
182.0 197.0 64.38860344039928 -35.631346447001846 73.58998107910156
198.0 197.0 29.675076588725194 27.892215911244264 40.725738525390625
214.0 197.0 -95.3123267739099 -22.95225124413802 98.03695678710938
230.0 197.0 -96.51924752318352 -154.51119397855277 182.18032836914062
246.0 197.0 -50.69233276815177 -168.48249568897953 175.943359375
262.0 197.0 -2.745945434936091 -31.111579831978336 31.232524871826172
278.0 197.0 -54.98497252142144 16.56449178866557 57.42586135864258
294.0 197.0 -64.76905488518777 43.76612924480309 78.16971588134766
310.0 197.0 56.63088119401416 149.90127533025122 160.24185180664062
326.0 197.0 291.6382917465814 181.50077487818925 343.5046081542969
342.0 197.0 320.41490431217767 127.98301278687441 345.0295104980469
358.0 197.0 95.09071838097006 84.6341394518412 127.29957580566406
374.0 197.0 -93.89145844473724 1.5749788388154085 93.90467071533203
390.0 197.0 -134.69101821246394 -0.8538136958544614 134.6937255859375
406.0 197.0 -52.49855239522097 -69.5316246022754 87.1248779296875
422.0 197.0 -22.945558216745248 -48.43999855050341 53.59973907470703
438.0 197.0 15.80966283396151 -48.97176295959619 51.4604606628418
454.0 197.0 152.35372636602258 -77.22014070475879 170.80575561523438
470.0 197.0 198.93382516071915 148.96038407362084 248.5233612060547
486.0 197.0 54.066721283114376 -5.579199829253471 54.35382080078125
502.0 197.0 -77.74761329602559 -193.4783285108955 208.51512145996094
518.0 197.0 -148.104394323931 -443.83848992112036 467.89691162109375
22.0 213.0 -10.330761588272468 295.19326145043544 295.37396240234375
38.0 213.0 35.50372547859567 61.06337160556957 70.6346206665039
54.0 213.0 97.14936618982372 13.982112177927823 98.150390625
70.0 213.0 104.01575345032036 -88.64082618403904 136.66189575195312
86.0 213.0 -67.57551322645854 59.72463658057582 90.18582153320312
102.0 213.0 -95.44025168237053 285.3537364240481 300.8913269042969
118.0 213.0 18.588588280339895 169.79203407153244 170.80653381347656
134.0 213.0 37.77910607164586 33.70170247488189 50.62672805786133
150.0 213.0 -29.15191155399568 -25.064738845919308 38.445743560791016
166.0 213.0 -44.326115661142104 -87.76499420434129 98.32344055175781
182.0 213.0 -65.27421428258661 3.217988180179484 65.35348510742188
198.0 213.0 -88.79185902699793 97.16780302819728 131.62664794921875
214.0 213.0 -54.33567866420619 -98.7514730937465 112.71299743652344
230.0 213.0 -49.36689781022613 -230.6323096262556 235.8566436767578
246.0 213.0 11.758444989521362 -144.53009497003518 145.0076141357422
262.0 213.0 108.81001042256133 68.0334168553156 128.32833862304688
278.0 213.0 43.338554639955156 160.75010965541216 166.48973083496094
294.0 213.0 -77.14385813481168 114.36790974426515 137.95359802246094
310.0 213.0 -57.89561835587356 138.6629730006146 150.26417541503906
326.0 213.0 87.38339727598037 89.26659331445278 124.9175033569336
342.0 213.0 168.3767368627737 152.37887966161605 227.09039306640625
358.0 213.0 75.25627396811718 140.2629585173996 159.17665100097656
374.0 213.0 -129.7608777481682 0.666635142911667 129.76258850097656
390.0 213.0 -159.25197704220986 57.0117879624617 169.14944458007812
406.0 213.0 -36.75515202951716 21.2447285050187 42.45326614379883
422.0 213.0 -26.22717947316621 19.771565241186707 32.844783782958984
438.0 213.0 0.9205444481498202 -20.085441507907667 20.106525421142578
454.0 213.0 35.88257396143335 -5.520956275444841 36.3048210144043
470.0 213.0 77.97019630751186 101.6712170078845 128.12644958496094
486.0 213.0 26.701563400038065 -41.42609003248835 49.28584289550781
502.0 213.0 21.250883576256097 -142.50861683310904 144.08436584472656
518.0 213.0 17.00902486763164 -311.9401352871554 312.40350341796875
22.0 229.0 73.56968991180548 96.32145308366026 121.2036361694336
38.0 229.0 65.2981602893946 83.16527798566345 105.73699951171875
54.0 229.0 132.7891250860637 102.06637542278 167.48281860351562
70.0 229.0 133.42674549220123 -3.0361567294534337 133.46128845214844
86.0 229.0 40.40693125136026 17.20441540461107 43.9171028137207
102.0 229.0 121.56269466222334 112.45724705676739 165.602294921875
118.0 229.0 151.2000953112706 -46.86434105657766 158.29635620117188
134.0 229.0 134.92443459091547 -218.6303996021585 256.9121398925781
150.0 229.0 112.37674249669622 -238.87945579584715 263.9922790527344
166.0 229.0 96.29825999553782 -114.09120211154779 149.29888916015625
182.0 229.0 -25.83714002700557 10.549806863638937 27.907995223999023
198.0 229.0 33.52683441127937 15.196751523500799 36.81018829345703
214.0 229.0 117.06819599375208 -74.60407337533064 138.81906127929688
230.0 229.0 60.65345272239984 -73.0214408789738 94.92613983154297
246.0 229.0 52.55959466217769 -34.29079900574652 62.756431579589844
262.0 229.0 106.78087732469517 10.665227994065287 107.31217193603516
278.0 229.0 99.14808955904829 86.6640804177225 131.6852569580078
294.0 229.0 1.2998539289530517 108.7413521274844 108.7491226196289
310.0 229.0 -50.735883724324104 112.77206872230087 123.65949249267578
326.0 229.0 0.2371861689688091 82.11897116808413 82.11931610107422
342.0 229.0 59.19199737029072 112.15541158941562 126.81690979003906
358.0 229.0 4.831572142042671 74.14136453283679 74.29862976074219
374.0 229.0 -134.0273579382544 -69.10397144810466 150.7935333251953
390.0 229.0 -133.88448352744788 88.07883112168825 160.2589569091797
406.0 229.0 -134.73654526627428 127.9577869037944 185.8147735595703
422.0 229.0 -191.59641888852423 98.43699746965548 215.4043426513672
438.0 229.0 -246.23344034899213 68.5012903399356 255.5843048095703
454.0 229.0 -199.3043015941159 57.524764521566254 207.43988037109375
470.0 229.0 -15.137737607467676 99.43395931949505 100.57963562011719
486.0 229.0 40.972490485600325 -33.04202118130733 52.6357307434082
502.0 229.0 93.04022925964678 -60.87723598549162 111.18688201904297
518.0 229.0 86.93059062243027 -83.69692048266391 120.67353820800781
22.0 245.0 -159.3117286605391 -187.0770507047101 245.71945190429688
38.0 245.0 -44.613220316366785 119.89623467197107 127.92750549316406
54.0 245.0 81.58697790975108 117.51831759230163 143.06288146972656
70.0 245.0 40.68897222069037 10.04905746743981 41.91152572631836
86.0 245.0 -123.0854303004899 2.1540797306231405 123.10427856445312
102.0 245.0 -99.18961831424502 31.167501108510635 103.97111511230469
118.0 245.0 120.76821570593478 -118.90733568967597 169.4813232421875
134.0 245.0 179.541641462544 -295.42760111883047 345.7060546875
150.0 245.0 180.41200389319073 -321.76250023141006 368.8896789550781
166.0 245.0 195.72815733710615 -87.17901574078962 214.26547241210938
182.0 245.0 135.82277152892547 44.281550816625305 142.85894775390625
198.0 245.0 186.1477075434233 44.20929428587942 191.32545471191406
214.0 245.0 125.35431306650666 70.27985562317858 143.7113800048828
230.0 245.0 -15.089231323867423 88.77484547258098 90.04808807373047
246.0 245.0 -40.85972670739569 -1.3316513409819686 40.88142013549805
262.0 245.0 -66.19639727694451 -68.87341996171175 95.52754211425781
278.0 245.0 -22.285259852675527 40.144073995170565 45.9149169921875
294.0 245.0 31.32908730659839 164.48283689066315 167.43988037109375
310.0 245.0 28.095918118474795 165.17415659172212 167.54666137695312
326.0 245.0 5.036151721251081 134.40142688569878 134.49574279785156
342.0 245.0 -63.83276718544398 51.58901792477124 82.07343292236328
358.0 245.0 -162.00188872121393 -27.68949820344205 164.35121154785156
374.0 245.0 -219.82241850381385 -96.55640325808888 240.09381103515625
390.0 245.0 -228.479889288779 81.582697278633 242.6083221435547
406.0 245.0 -298.5328716942415 264.2071506326309 398.6568603515625
422.0 245.0 -312.44668747042044 210.8263779212104 376.92266845703125
438.0 245.0 -179.35965113927682 94.37651806664644 202.6741485595703
454.0 245.0 -103.85880968558953 29.094487091362954 107.85704040527344
470.0 245.0 13.984435620239813 84.78716732301974 85.93269348144531
486.0 245.0 46.84913272194592 12.80782873599427 48.568321228027344
502.0 245.0 57.23102964848601 4.569075764912548 57.41312789916992
518.0 245.0 61.10967897392406 6.3965526808036355 61.44354248046875
22.0 261.0 -431.53322567999123 -95.31080797250785 441.933349609375
38.0 261.0 -162.55524972256745 171.88016959269746 236.57345581054688
54.0 261.0 19.898140067679172 167.34206079621697 168.5209197998047
70.0 261.0 -114.66512493604 102.73498633234098 153.95639038085938
86.0 261.0 -247.73827795711338 120.70790640149973 275.58056640625
102.0 261.0 -199.64931085661976 141.51312019887177 244.7157745361328
118.0 261.0 57.961920588620586 -29.49798277325138 65.03626251220703
134.0 261.0 110.71742763975716 -95.15487342438595 145.98902893066406
150.0 261.0 73.0603426912614 -111.47249084388702 133.28138732910156
166.0 261.0 149.77488272707322 -65.87472516353395 163.6215057373047
182.0 261.0 187.60818334985933 40.370881555131525 191.90267944335938
198.0 261.0 206.5243054681597 159.40684856569487 260.8885498046875
214.0 261.0 155.0130676771975 217.30177015061722 266.92529296875
230.0 261.0 48.05886261198337 100.96414290718175 111.81865692138672
246.0 261.0 -72.93095701331343 -73.99706556556687 103.89653778076172
262.0 261.0 -241.8866288023035 -163.5930303971583 292.0133972167969
278.0 261.0 -221.89913280579069 -26.53262333654411 223.47976684570312
294.0 261.0 -15.834881518677344 201.7265134532716 202.3470458984375
310.0 261.0 70.37497114495315 293.30293568221714 301.6276550292969
326.0 261.0 4.077770364972761 212.24380423954483 212.28297424316406
342.0 261.0 -97.02191712315653 -15.411936807885706 98.23838806152344
358.0 261.0 -210.66382288762517 -154.3004714299755 261.1280822753906
374.0 261.0 -201.7929003166518 -155.75019082401107 254.90879821777344
390.0 261.0 -166.69506918382854 -19.966039801991307 167.88653564453125
406.0 261.0 -200.57482876975413 195.05364718752 279.77880859375
422.0 261.0 -126.51713495166882 138.73717299433477 187.76205444335938
438.0 261.0 -41.611068067015424 45.99847004801492 62.02693176269531
454.0 261.0 -38.353909385401955 31.99938484170429 49.949806213378906
470.0 261.0 -6.280295066078595 71.28337518170565 71.55949401855469
486.0 261.0 -27.007150234498734 -36.68437069727672 45.553585052490234
502.0 261.0 2.5312361303771898 -111.66425045512891 111.69293975830078
518.0 261.0 77.02561852251002 -76.84554733018493 108.80342102050781
22.0 277.0 -212.86878901196891 -19.78777252240477 213.78652954101562
38.0 277.0 -119.55641050375965 139.0066441333589 183.34825134277344
54.0 277.0 -19.54662978136419 245.49985711734163 246.2767791748047
70.0 277.0 -53.038964116962255 185.30550966224254 192.7466278076172
86.0 277.0 -69.1695791833292 140.36457747541712 156.48208618164062
102.0 277.0 99.92643554831082 124.49360133543306 159.63693237304688
118.0 277.0 303.5818307969485 -18.230837840430766 304.1287536621094
134.0 277.0 146.27530193823839 41.63402450226365 152.08502197265625
150.0 277.0 -17.590166366559824 65.84039686607076 68.14962768554688
166.0 277.0 14.38338970705653 4.7785885634452585 15.156411170959473
182.0 277.0 56.999584230804295 92.59232490912984 108.73036193847656
198.0 277.0 87.91937223930158 230.66712918953434 246.8544921875
214.0 277.0 179.52621565578727 236.19457832184494 296.677490234375
230.0 277.0 208.16724506357411 120.01271959892851 240.28453063964844
246.0 277.0 -46.915366346328256 -28.464393557862973 54.87506866455078
262.0 277.0 -411.1017972785133 -139.7430758067979 434.2036437988281
278.0 277.0 -387.4516064790891 -118.48016246456496 405.16204833984375
294.0 277.0 -129.8904093146604 32.86052231595384 133.9825897216797
310.0 277.0 11.830341010457566 207.0621063783143 207.39979553222656
326.0 277.0 -6.043710749329923 129.38395486517018 129.52503967285156
342.0 277.0 -65.88432164875296 -73.3233612338858 98.57514190673828
358.0 277.0 -104.38071818655824 -209.91809756606685 234.4375
374.0 277.0 -54.080321336146554 -160.19380666385317 169.0761260986328
390.0 277.0 6.446215439088375 -24.972170150846928 25.790754318237305
406.0 277.0 40.31153660547029 159.51221288003705 164.527099609375
422.0 277.0 7.753845412507566 110.18462263083232 110.45710754394531
438.0 277.0 -75.02405910187225 -21.436007270504913 78.02635192871094
454.0 277.0 -105.4656479474842 16.33534877566555 106.72322082519531
470.0 277.0 -58.976751316718236 104.83360078460629 120.28441619873047
486.0 277.0 -13.500179105281104 11.475188894219142 17.718204498291016
502.0 277.0 47.83532144251937 -110.63375035390672 120.53234100341797
518.0 277.0 86.68807693582215 -104.29976398126344 135.62176513671875
22.0 293.0 -255.7143121347935 173.35377821298152 308.9358215332031
38.0 293.0 -182.1471383919496 120.98319879945583 218.66529846191406
54.0 293.0 13.060649575063842 122.44306171319596 123.13766479492188
70.0 293.0 82.97036931949333 68.59388633878382 107.65316009521484
86.0 293.0 146.52801642770663 0.043145683055675024 146.5280303955078
102.0 293.0 401.9899758347179 -40.039549426958025 403.9790954589844
118.0 293.0 460.3375201647992 49.25265856647593 462.96484375
134.0 293.0 219.7644517082114 184.9568001610993 287.2375793457031
150.0 293.0 -54.95400114129143 208.15910500056359 215.29086303710938
166.0 293.0 -170.85816017384442 176.75802554527553 245.837158203125
182.0 293.0 -143.30445451108727 216.63925328181725 259.7474365234375
198.0 293.0 -93.39003029858344 221.6831102433722 240.55165100097656
214.0 293.0 -38.39533952047388 103.08491083541888 110.00318908691406
230.0 293.0 29.559955419718555 113.04906071698376 116.84982299804688
246.0 293.0 -165.9440247446656 193.19581461648085 254.68026733398438
262.0 293.0 -447.35722463654344 7.888506729136475 447.4267578125
278.0 293.0 -371.09146279009434 -216.77148712849126 429.76593017578125
294.0 293.0 -267.99300065430083 -136.63763491675434 300.8157043457031
310.0 293.0 -118.21208070404955 -22.95214333250888 120.41967010498047
326.0 293.0 29.607226858266678 -61.95497283241849 68.66590881347656
342.0 293.0 65.3610732146179 -82.70938418108382 105.41780090332031
358.0 293.0 24.454169598012435 -95.31471730809153 98.4017333984375
374.0 293.0 -30.952285405106736 -17.424175757863644 35.5196533203125
390.0 293.0 -29.070648215418665 70.29537083109372 76.06932067871094
406.0 293.0 86.49441370406223 262.6796828257204 276.5536193847656
422.0 293.0 227.43675100118557 284.8375481537925 364.49951171875
438.0 293.0 24.76187977118665 -103.80507903435547 106.71759796142578
454.0 293.0 -185.77116671707964 -22.29995104151531 187.10482788085938
470.0 293.0 -168.41427623399915 252.5441130834162 303.548828125
486.0 293.0 -6.683583838192936 190.41356240152535 190.53082275390625
502.0 293.0 196.74051373813705 51.66065107137913 203.41006469726562
518.0 293.0 236.53384557444164 -129.0434311240004 269.4447326660156
22.0 309.0 -315.37136204566383 614.0975261642491 690.343994140625
38.0 309.0 -110.07692406503338 24.535938155948074 112.77828216552734
54.0 309.0 204.0575206786199 -267.31524401248475 336.298828125
70.0 309.0 345.5553106181387 -137.32921880290252 371.8437805175781
86.0 309.0 426.60455150833803 -67.26044691804096 431.8742980957031
102.0 309.0 467.0897959607532 82.10996912166512 474.251953125
118.0 309.0 228.5108412221718 246.55703843745346 336.1659851074219
134.0 309.0 -69.38230439261837 277.6527939646091 286.1904602050781
150.0 309.0 -253.17634339339094 283.19698195210316 379.8668212890625
166.0 309.0 -355.530984496432 253.2163297012811 436.48687744140625
182.0 309.0 -361.63470046395554 255.95056679840337 443.0466613769531
198.0 309.0 -387.3106361288741 176.3276194981855 425.5595703125
214.0 309.0 -501.15894976857726 -38.13016739448949 502.6073913574219
230.0 309.0 -537.0253915938265 -57.6660533632059 540.1126098632812
246.0 309.0 -456.5943950858994 90.66815588939312 465.5095520019531
262.0 309.0 -371.2413341967289 70.17894930392227 377.8163757324219
278.0 309.0 -373.2564999053128 -97.20157464214964 385.7052917480469
294.0 309.0 -350.23799597381213 -195.03831873550266 400.88226318359375
310.0 309.0 -143.77446750732554 -218.57797130955655 261.6246032714844
326.0 309.0 75.73883125281561 -185.28994458633008 200.17176818847656
342.0 309.0 122.01121867876199 -42.95227691424536 129.350830078125
358.0 309.0 37.0153118133022 99.90717596980197 106.54377746582031
374.0 309.0 -89.05865496886592 162.01011615105216 184.8748779296875
390.0 309.0 -101.14780636042062 105.1799484728476 145.92361450195312
406.0 309.0 66.98989042860482 143.68900743636334 158.53761291503906
422.0 309.0 508.061932672831 214.1652101835622 551.356201171875
438.0 309.0 448.92123598181837 -56.81761500750477 452.50250244140625
454.0 309.0 -114.91860613016806 57.57722326947365 128.5356903076172
470.0 309.0 -170.9761510507011 250.89064561202488 303.6098937988281
486.0 309.0 142.52603815127284 216.52199346527536 259.2208557128906
502.0 309.0 434.01894430938137 81.36565036966617 441.57989501953125
518.0 309.0 314.0051671201791 -30.55554674918983 315.48834228515625
