22.0 21.0 -156.30365177837479 540.9144113333564 563.0446166992188
38.0 21.0 -164.15399625887136 -187.99563092966838 249.57742309570312
54.0 21.0 -258.4828792698819 -461.17446892810494 528.6731567382812
70.0 21.0 -98.55987386226751 -248.4002324813526 267.23907470703125
86.0 21.0 79.86386897960956 -225.36603828279976 239.09849548339844
102.0 21.0 212.63233706050562 -142.7961467575051 256.1313171386719
118.0 21.0 174.9039033981514 -103.59291164497424 203.2802734375
134.0 21.0 47.86127334639273 -226.7458453136057 231.74205017089844
150.0 21.0 6.4397421981196885 -364.8966630382655 364.9534912109375
166.0 21.0 64.63226087702964 -412.9414166695912 417.9688415527344
182.0 21.0 162.2090396086613 -311.73195218455453 351.409423828125
198.0 21.0 270.2572433627427 -111.020327893481 292.1720275878906
214.0 21.0 63.38891260455932 26.54547452463448 68.72274780273438
230.0 21.0 -292.3152192668866 63.96992957703169 299.23291015625
246.0 21.0 -383.4848014661713 14.39110676243855 383.7547302246094
262.0 21.0 -187.97481107538636 116.65216987899431 221.22897338867188
278.0 21.0 63.687858949862125 136.21251381381254 150.36619567871094
294.0 21.0 143.44562555878218 194.94041459417082 242.02976989746094
310.0 21.0 45.42015780572193 312.6962008153112 315.9776916503906
326.0 21.0 -92.59556484560954 308.36580025258326 321.968017578125
342.0 21.0 -152.62980582217727 52.65025411875472 161.45558166503906
358.0 21.0 -143.2590656190163 -413.27789408511694 437.4034423828125
374.0 21.0 7.458764781605707 -574.776807428679 574.8251953125
390.0 21.0 209.9100385506415 -339.77974131116594 399.3901672363281
406.0 21.0 36.8843541009431 -241.9123725937905 244.70809936523438
422.0 21.0 35.18481477860152 -247.0590758813794 249.55191040039062
438.0 21.0 290.5525019995623 -285.027960455906 407.0155944824219
454.0 21.0 539.6726075984673 -59.00606945220074 542.8887939453125
470.0 21.0 495.0216598559824 244.41660043372968 552.07421875
486.0 21.0 341.09389907827415 -24.744630415296935 341.9902648925781
502.0 21.0 56.30362438427892 -176.8787533709061 185.62379455566406
518.0 21.0 -333.15234154782354 -668.54599615179 746.9566650390625
22.0 37.0 -600.0973616324774 -351.12893460230947 695.2757568359375
38.0 37.0 -445.9452839121529 -397.5484087299498 597.4210815429688
54.0 37.0 -430.5408654008189 -262.434157977333 504.2193298339844
70.0 37.0 -252.83635890822814 -107.79312092558017 274.8555603027344
86.0 37.0 54.956664782565745 -240.20964167279098 246.41612243652344
102.0 37.0 164.7973306068324 -278.49689149058185 323.6026611328125
118.0 37.0 107.79008612016361 -211.2391337735327 237.1511688232422
134.0 37.0 11.277355436584852 -202.28574257638243 202.599853515625
150.0 37.0 34.69488201715154 -317.6815370369058 319.57049560546875
166.0 37.0 61.407083090399425 -420.14730136908355 424.611083984375
182.0 37.0 70.93539467619429 -436.18305996333237 441.9134521484375
198.0 37.0 219.3702018647772 -333.2660209586243 398.9856262207031
214.0 37.0 198.6455390749939 -145.61707168512183 246.30140686035156
230.0 37.0 -107.70174138248521 50.520134291827844 118.96196746826172
246.0 37.0 -283.3611988836601 56.75869445391396 288.9898376464844
262.0 37.0 -193.4384429785041 186.7064232696606 268.84515380859375
278.0 37.0 -31.556947454963126 225.0667574302398 227.268310546875
294.0 37.0 -36.8875958184825 210.2696784503224 213.4807586669922
310.0 37.0 -80.57522303356004 258.9005029179742 271.14910888671875
326.0 37.0 4.968894706654558 115.70779730855595 115.81443786621094
342.0 37.0 29.64187014071713 -79.8237319858708 85.1496810913086
358.0 37.0 -9.343973606557235 -277.37966951568046 277.5370178222656
374.0 37.0 108.02145101055133 -214.84839014715183 240.47549438476562
390.0 37.0 326.26780255824605 52.97883801702756 330.5411376953125
406.0 37.0 284.83599295383004 -27.25688268087036 286.1371765136719
422.0 37.0 261.5108670431585 -130.22292631314804 292.1402893066406
438.0 37.0 394.56055269288635 -364.04823482142797 536.8511352539062
454.0 37.0 595.7902980226027 -387.8139907762774 710.8908081054688
470.0 37.0 445.11970555597054 -197.60579710362572 487.0108947753906
486.0 37.0 -28.906845740199778 -197.11599156930194 199.2242889404297
502.0 37.0 -2.6769447605985603 11.855017209569969 12.153495788574219
518.0 37.0 78.29627102984671 -89.00629990868707 118.54293823242188
22.0 53.0 -448.5248725930065 -462.2656569562727 644.0994262695312
38.0 53.0 -479.51321766039183 -327.1925492995687 580.506591796875
54.0 53.0 -495.6617808124716 -106.91877158064646 507.0623474121094
70.0 53.0 -185.8705445140392 88.75342093991232 205.97337341308594
86.0 53.0 147.48263868304193 -88.63256135377411 172.06643676757812
102.0 53.0 146.80123331566548 -238.5412679479614 280.09381103515625
118.0 53.0 -58.82587344995138 -174.08462856715857 183.75511169433594
134.0 53.0 -56.800156048776714 -62.55437568684259 84.49442291259766
150.0 53.0 8.283078121596109 -108.99598568684203 109.31026458740234
166.0 53.0 -48.357422645083105 -239.65957975825373 244.4895782470703
182.0 53.0 -137.44643690304966 -476.1241667875914 495.5660705566406
198.0 53.0 74.14619705448108 -459.1145276159205 465.063232421875
214.0 53.0 278.9179893517749 -107.745754868935 299.00567626953125
230.0 53.0 121.89870593369223 268.91757442451797 295.2557373046875
246.0 53.0 -60.435302811837424 140.8994835383411 153.31370544433594
262.0 53.0 -113.09520731986868 93.97271115207135 147.0421600341797
278.0 53.0 -93.65342166759501 207.940227273759 228.05723571777344
294.0 53.0 -63.291272625594544 253.30035748064245 261.08782958984375
310.0 53.0 45.039190918380676 148.07743587993258 154.77549743652344
326.0 53.0 193.97377608819403 -62.91165204488546 203.9208221435547
342.0 53.0 123.9237900747846 -49.74422793408142 133.5349884033203
358.0 53.0 -48.37831159749516 -62.01929668828983 78.65655517578125
374.0 53.0 7.880198881103387 9.189041584697058 12.105206489562988
390.0 53.0 248.61683495330547 153.24445213826905 292.05169677734375
406.0 53.0 272.54833584870937 135.2011251695824 304.23992919921875
422.0 53.0 175.2293774255183 -40.138855791307066 179.76780700683594
438.0 53.0 166.7007303904775 -397.3059766871324 430.8609619140625
454.0 53.0 206.939247212252 -441.7006293642616 487.7738037109375
470.0 53.0 19.71556195158259 -291.55088611253757 292.21673583984375
486.0 53.0 -302.5152423428657 -364.5200620709091 473.6985778808594
502.0 53.0 -81.82309106842027 -143.6490067760253 165.3180389404297
518.0 53.0 189.86445252274328 261.79338905306673 323.3949279785156
22.0 69.0 -248.54647000270845 -361.0526565671113 438.33135986328125
38.0 69.0 -258.62239309271104 -140.44405775099102 294.2958984375
54.0 69.0 -283.05289712350634 25.36864831729415 284.1874694824219
70.0 69.0 -128.21157161677704 159.46012567274119 204.61119079589844
86.0 69.0 34.53704010312761 60.598526409947546 69.74947357177734
102.0 69.0 72.43499299482218 -118.7042936015166 139.05947875976562
118.0 69.0 -63.086924723638475 -135.65161365442864 149.6038818359375
134.0 69.0 -30.621426570167984 -22.21731555277312 37.832271575927734
150.0 69.0 134.65331641483698 89.18140202119253 161.5080108642578
166.0 69.0 203.46577198823567 -16.914294265656675 204.16761779785156
182.0 69.0 102.65708137116347 -361.70699948658125 375.9925842285156
198.0 69.0 -228.85891346449466 -264.62403932533874 349.8603820800781
214.0 69.0 -202.6674762890246 -13.48185528608214 203.1154022216797
230.0 69.0 0.2795998590457166 182.42524249887921 182.4254608154297
246.0 69.0 161.3852975352898 98.97284223724732 189.3167724609375
262.0 69.0 37.305521692154535 5.867992017165803 37.76420593261719
278.0 69.0 -123.65271843457995 164.00792548393832 205.39862060546875
294.0 69.0 -10.595031484116337 249.44015155094212 249.66506958007812
310.0 69.0 430.86792608138563 113.5078909801891 445.56842041015625
326.0 69.0 512.961602562324 2.2016484278076764 512.96630859375
342.0 69.0 322.5926376635848 97.9030086500972 337.12164306640625
358.0 69.0 70.29596085216453 118.38801384716363 137.685302734375
374.0 69.0 154.02937810875233 4.2987448638357 154.08935546875
390.0 69.0 364.86360718270953 151.51714509798117 395.0732727050781
406.0 69.0 418.40792914485036 299.305245690893 514.4403076171875
422.0 69.0 182.1761020129834 7.556515227927297 182.33274841308594
438.0 69.0 18.404964505871906 -207.91581135696464 208.7288360595703
454.0 69.0 -39.55541359935615 -157.9984657604199 162.8746337890625
470.0 69.0 -220.30589789448698 -99.56812408169107 241.76124572753906
486.0 69.0 -245.94011283395338 -122.74878045703699 274.8705139160156
502.0 69.0 -162.1780765376024 -61.90559363766928 173.59156799316406
518.0 69.0 -24.30041525890994 148.67132909100985 150.64419555664062
22.0 85.0 119.31014617532713 -113.52919360541698 164.69300842285156
38.0 85.0 -59.55332424485213 19.968145167309235 62.811824798583984
54.0 85.0 -99.03442000065328 149.24337283517198 179.11280822753906
70.0 85.0 12.105953111425569 197.6464721214674 198.01687622070312
86.0 85.0 -27.200080566756924 168.0445502459174 170.23165893554688
102.0 85.0 61.304376193335486 27.12171209675684 67.0359115600586
118.0 85.0 187.2414890186929 -76.92449037713278 202.42715454101562
134.0 85.0 136.573967095284 -28.681911265900016 139.55322265625
150.0 85.0 233.76426448650665 135.92912521683886 270.4116516113281
166.0 85.0 453.6952557628078 93.22215559177948 463.173583984375
182.0 85.0 297.75332056314187 -167.04459403554065 341.41021728515625
198.0 85.0 39.035443967124465 -86.84048734672812 95.21047973632812
214.0 85.0 -147.47114791115416 -54.50149430358439 157.22007751464844
230.0 85.0 -180.6915260289655 -152.6393510425671 236.53372192382812
246.0 85.0 -8.368854367083365 -142.49447381178666 142.74002075195312
262.0 85.0 96.3171262670743 -25.03723163962197 99.51809692382812
278.0 85.0 91.65998202894518 95.7743911935705 132.5680389404297
294.0 85.0 133.43381178249808 97.75260420217404 165.40904235839844
310.0 85.0 324.9933031833849 41.77239945044214 327.6668701171875
326.0 85.0 313.8368961703495 206.82252447203274 375.8578796386719
342.0 85.0 -17.624008341745505 330.7464602361061 331.2156677246094
358.0 85.0 -71.79980500193122 129.43389807947108 148.01467895507812
374.0 85.0 17.6198929032704 -35.15484535871668 39.32332229614258
390.0 85.0 152.68629173728985 21.91923251069216 154.25160217285156
406.0 85.0 320.4943587288766 297.2985811392531 437.15338134765625
422.0 85.0 164.42363962885094 169.6988559736313 236.28973388671875
438.0 85.0 -13.757183308253445 27.27778348898403 30.550573348999023
454.0 85.0 -202.51585590186957 12.648966604900064 202.91049194335938
470.0 85.0 -353.82401539431186 -23.986751853132056 354.6361389160156
486.0 85.0 -327.8947229151405 -0.03177791420798832 327.89471435546875
502.0 85.0 -287.6736811756718 15.486211398663649 288.0902099609375
518.0 85.0 -175.22023633643064 59.162158824526465 184.93861389160156
22.0 101.0 126.40565040783568 163.51365401314462 206.67633056640625
38.0 101.0 40.04245042514719 201.35400127490828 205.29693603515625
54.0 101.0 15.430736147368693 86.4565104541403 87.82275390625
70.0 101.0 149.82999444019126 92.9258092897825 176.3072052001953
86.0 101.0 169.22010233444217 232.51017203809968 287.5698547363281
102.0 101.0 247.37296947947297 197.67515235832744 316.652587890625
118.0 101.0 247.6575368167855 69.23358467961464 257.15277099609375
134.0 101.0 -1.8584360130958932 33.28857572743631 33.34041213989258
150.0 101.0 -17.364516716524864 3.7132165290792103 17.757095336914062
166.0 101.0 173.98734833051063 52.27502106985614 181.67079162597656
182.0 101.0 125.62313140793395 -1.2590050120997966 125.62944030761719
198.0 101.0 83.2519696384699 1.6982046417966903 83.269287109375
214.0 101.0 -110.37164511248834 26.822752123431755 113.58415222167969
230.0 101.0 -296.6846146133138 -134.54641417028117 325.7675476074219
246.0 101.0 -100.58296593318781 -159.62153679560603 188.66893005371094
262.0 101.0 107.99464838613781 -62.259006534777434 124.6556396484375
278.0 101.0 212.21361298344172 40.41535500473424 216.02781677246094
294.0 101.0 220.96591161422407 11.658987807562939 221.27328491210938
310.0 101.0 211.29048747563903 103.6010257285141 235.32284545898438
326.0 101.0 60.90952053071835 389.51283947661324 394.24639892578125
342.0 101.0 -107.40499348400395 334.6720081339074 351.4842529296875
358.0 101.0 -205.3696059986772 147.0432505493008 252.58343505859375
374.0 101.0 -260.6751334996358 -29.2944506600957 262.3160095214844
390.0 101.0 -216.22081799813344 -44.02803181635223 220.65789794921875
406.0 101.0 -147.228067128313 96.58607090605489 176.08229064941406
422.0 101.0 -59.24041787872001 127.76425198325661 140.8301544189453
438.0 101.0 -62.8898420151236 46.070773726299045 77.95927429199219
454.0 101.0 -132.8659966975773 43.277378109266486 139.73655700683594
470.0 101.0 -243.0127420425479 9.353184888117688 243.1926727294922
486.0 101.0 -298.5458911152575 -87.68479270135474 311.1563415527344
502.0 101.0 -320.7933923290527 -159.11291068026742 358.08563232421875
518.0 101.0 -270.3268803348554 -146.60806186840736 307.52325439453125
22.0 117.0 -10.847906429291243 247.25198111213925 247.48983764648438
38.0 117.0 140.25002017924302 288.0985543792792 320.42291259765625
54.0 117.0 128.6455559209749 70.39022748998916 146.6439971923828
70.0 117.0 109.09647554158451 17.246784636286467 110.4513168334961
86.0 117.0 249.9755421106145 173.8992119064933 304.5138854980469
102.0 117.0 374.15049594291156 318.9807815894926 491.66790771484375
118.0 117.0 193.94645977827759 243.82563406773852 311.554443359375
134.0 117.0 -93.75480679826055 78.65510091872225 122.37887573242188
150.0 117.0 -128.1350458073489 -47.59297659433177 136.68826293945312
166.0 117.0 -119.4287123980977 20.604036146246298 121.19300079345703
182.0 117.0 -94.50998878909475 53.46665183080862 108.5855484008789
198.0 117.0 -48.96005242887993 -15.118589833767196 51.241180419921875
214.0 117.0 -172.66813507056 -16.03378677725173 173.41098022460938
230.0 117.0 -295.05243859482147 -48.32001910130165 298.9828796386719
246.0 117.0 -71.03285409432527 -210.8919029879085 222.5332794189453
262.0 117.0 19.110980204248143 -94.15990767493031 96.07975006103516
278.0 117.0 43.563655513150536 3.7096529027174845 43.721317291259766
294.0 117.0 53.31301777010648 -26.531345906280976 59.549896240234375
310.0 117.0 -39.70423951676473 168.16675326618866 172.790283203125
326.0 117.0 52.5362161848752 506.146733016666 508.865966796875
342.0 117.0 40.37676505169538 277.11620917009657 280.0422668457031
358.0 117.0 -95.1805247542975 111.55610206152423 146.6427459716797
374.0 117.0 -92.87676670536152 16.866871522910298 94.3958969116211
390.0 117.0 -54.64555603266783 29.931456713821035 62.305931091308594
406.0 117.0 -27.78687510992989 120.70806190964448 123.86503601074219
422.0 117.0 -41.596497767863774 -83.75010130243481 93.51122283935547
438.0 117.0 27.911674114126274 -68.65033276061192 74.10755157470703
454.0 117.0 59.51673861812033 107.46742389726357 122.84741973876953
470.0 117.0 -57.63722782364875 59.58825911980212 82.90242004394531
486.0 117.0 -181.2211333176712 -141.091837678097 229.66934204101562
502.0 117.0 -237.31451878490208 -324.7561253447718 402.2247009277344
518.0 117.0 -88.33772378817021 -477.94199953964846 486.0371398925781
22.0 133.0 -73.46681125087075 205.95732225375292 218.66822814941406
38.0 133.0 334.78716409349283 256.4671932824092 421.73199462890625
54.0 133.0 306.354187034905 229.78674031682652 382.95538330078125
70.0 133.0 54.22618149820191 108.93559022881819 121.68582916259766
86.0 133.0 -62.70942090230207 27.365058037012215 68.42015838623047
102.0 133.0 41.12147678406394 61.56328120149311 74.03386688232422
118.0 133.0 122.80038012876294 -23.98214065386257 125.12024688720703
134.0 133.0 -29.154676244600097 -94.97455589194571 99.34868621826172
150.0 133.0 -167.3135357754328 -111.30952060527626 200.956787109375
166.0 133.0 -276.2438434508722 -16.39099837084975 276.7297058105469
182.0 133.0 -219.23604632048713 5.898788351405511 219.3153839111328
198.0 133.0 -70.69282517544012 -79.2615909921777 106.20675659179688
214.0 133.0 20.725947653513433 -55.04222089521966 58.81505584716797
230.0 133.0 116.54679050815588 -33.23703652835789 121.1934585571289
246.0 133.0 190.1833723777223 -194.60998205534997 272.1080017089844
262.0 133.0 6.503354637125886 -205.2018601263047 205.3048858642578
278.0 133.0 -134.72313988723934 -91.24357127614432 162.71359252929688
294.0 133.0 -183.68427770113448 -13.463728091847706 184.1770477294922
310.0 133.0 -296.1409946094944 7.261821000204098 296.2300109863281
326.0 133.0 -122.46364508417619 79.41587020763656 145.9596710205078
342.0 133.0 63.387678081787456 60.19155433654127 87.41293334960938
358.0 133.0 6.698688861823592 37.94631952357827 38.53304672241211
374.0 133.0 74.84180817324243 4.279524529517746 74.96406555175781
390.0 133.0 218.77227582065248 -33.298968067051476 221.29196166992188
406.0 133.0 247.52881479025075 76.41895423638846 259.05670166015625
422.0 133.0 121.9561877198413 -160.22065294256785 201.35533142089844
438.0 133.0 140.73442175169595 -129.30011194537892 191.11434936523438
454.0 133.0 209.6908349579585 227.1113343019786 309.111328125
470.0 133.0 147.19259712468235 208.56742791880154 255.27638244628906
486.0 133.0 15.9219874063733 -54.02682492565699 56.324127197265625
502.0 133.0 100.9045864722574 -362.2674143323307 376.0577392578125
518.0 133.0 205.2065215966625 -509.0724677292716 548.8756713867188
22.0 149.0 -165.6581724701382 180.60392543685018 245.07225036621094
38.0 149.0 288.3298723642115 175.76338085472673 337.6786804199219
54.0 149.0 337.3318500723493 344.66177189323065 482.2701721191406
70.0 149.0 95.89858480035757 317.6661082665891 331.8257141113281
86.0 149.0 -128.2733269571072 23.4827394917769 130.4050750732422
102.0 149.0 -169.21437213072954 -244.40098270206104 297.2630920410156
118.0 149.0 -219.71206562848025 -261.0958239373718 341.2395324707031
134.0 149.0 -257.28104205457583 -162.41173616527814 304.2550048828125
150.0 149.0 -385.91067073784217 -127.32797417596348 406.37353515625
166.0 149.0 -434.742137743057 -49.869037118597255 437.593017578125
182.0 149.0 -261.23095068516426 -23.00791405186702 262.2422180175781
198.0 149.0 -21.738007686649194 -76.10124814888667 79.14506530761719
214.0 149.0 94.51207639714718 -70.10944625643202 117.67696380615234
230.0 149.0 178.25340126037796 -0.4277829725225561 178.25392150878906
246.0 149.0 303.06498045773026 -5.662691296550238 303.1178894042969
262.0 149.0 118.90336639999728 -228.73242095825628 257.7916564941406
278.0 149.0 -64.30390916886512 -66.3848164223846 92.42259979248047
294.0 149.0 -205.27698271563528 129.4287398255211 242.67352294921875
310.0 149.0 -280.47715057473664 -16.098352158676946 280.9387512207031
326.0 149.0 -225.43126790896568 -149.00772815828236 270.22686767578125
342.0 149.0 -161.32729450831687 -100.28531108593079 189.95693969726562
358.0 149.0 -44.99263547913471 -5.13991091861975 45.285274505615234
374.0 149.0 145.85052038879763 -40.90316575478444 151.4775390625
390.0 149.0 216.53817270863433 -13.722422000212655 216.97254943847656
406.0 149.0 106.00942274335559 15.17596320033642 107.0901870727539
422.0 149.0 91.2445228222862 -170.27263078166047 193.17953491210938
438.0 149.0 29.11619522253125 -140.2854921458357 143.27516174316406
454.0 149.0 90.25496426052929 230.00977090831742 247.08389282226562
470.0 149.0 289.2005006819093 194.7640722063718 348.6688537597656
486.0 149.0 425.00630608333853 -66.09307142502847 430.11468505859375
502.0 149.0 336.89435159979314 -188.28194886697153 385.93768310546875
518.0 149.0 29.797880412617292 111.52528898213205 115.43744659423828
22.0 165.0 -368.2029081629162 -50.8176367756005 371.69317626953125
38.0 165.0 8.916583997706299 19.638863186124198 21.568273544311523
54.0 165.0 181.0051973651966 484.06212232119515 516.796875
70.0 165.0 144.32502638451632 502.6733233614559 522.9819946289062
86.0 165.0 94.8196988631257 199.29745457756917 220.70399475097656
102.0 165.0 -21.86341063511738 -17.41407933085695 27.951007843017578
118.0 165.0 -310.88181804462 -127.372352360535 335.963134765625
134.0 165.0 -369.20499116462565 -110.0093962996134 385.2458801269531
150.0 165.0 -338.43023602868436 -27.682686058603657 339.560546875
166.0 165.0 -296.08215982649733 -5.560054985402301 296.1343688964844
182.0 165.0 -137.42798049826797 -28.36485345911048 140.32467651367188
198.0 165.0 17.052424620471996 -60.006470529093036 62.382381439208984
214.0 165.0 52.6457871821149 -53.61993958872616 75.14437103271484
230.0 165.0 46.636517576686515 -25.90654892807068 53.34898376464844
246.0 165.0 83.06342839278321 -66.28700234648426 106.27088165283203
262.0 165.0 126.71253095830131 -250.67340156456294 280.8793640136719
278.0 165.0 163.29948979383764 -4.653679725047093 163.36578369140625
294.0 165.0 -33.48698467115567 236.0023724341015 238.36631774902344
310.0 165.0 -99.40658313539176 143.82951545328288 174.83877563476562
326.0 165.0 -40.884896211260035 46.75936136401989 62.1129035949707
342.0 165.0 74.78956630974119 -100.14934757494534 124.99348449707031
358.0 165.0 109.67495512944285 -121.3339947250021 163.555908203125
374.0 165.0 75.21908508545802 -103.60542522881596 128.03121948242188
390.0 165.0 27.55062963549177 43.6831401907915 51.64546203613281
406.0 165.0 -17.094801689527444 55.35840974298325 57.937774658203125
422.0 165.0 -14.06035906875363 -77.91206338107754 79.17059326171875
438.0 165.0 -96.45815753834815 2.200050711873467 96.48324584960938
454.0 165.0 -51.25588411820788 1.0377041957945279 51.266387939453125
470.0 165.0 137.3024402163689 -103.03906802927251 171.6654052734375
486.0 165.0 170.40930081794755 -124.45307512810763 211.01634216308594
502.0 165.0 107.92296320828169 -50.11354056193761 118.99047088623047
518.0 165.0 -17.23834284018314 29.59564623520885 34.250003814697266
22.0 181.0 -326.2278236481465 -171.22392519996578 368.43212890625
38.0 181.0 -185.85933931755895 -390.9212949277905 432.8546447753906
54.0 181.0 18.94845722142005 114.09228147757221 115.65505981445312
70.0 181.0 85.25263869893813 209.84071559364338 226.49754333496094
86.0 181.0 162.53954664279553 200.30376734789917 257.954833984375
102.0 181.0 84.08426725073892 288.9518230869411 300.9374084472656
118.0 181.0 -208.60930771873328 188.0693472200935 280.86993408203125
134.0 181.0 -292.6984411036202 35.85850532077112 294.88677978515625
150.0 181.0 -195.52450853086498 14.027032174731204 196.0270233154297
166.0 181.0 -100.78650345572893 5.704412825462415 100.94780731201172
182.0 181.0 74.1283811823524 -43.80015125606272 86.10150909423828
198.0 181.0 115.63873010779676 -52.643985158684416 127.0578842163086
214.0 181.0 74.25994717371309 -83.51719093192844 111.75714874267578
230.0 181.0 78.29596555985603 -95.61119417856212 123.5789566040039
246.0 181.0 26.869018166456186 -119.111629862181 122.10456085205078
262.0 181.0 38.02372301400717 -217.97259539611383 221.26422119140625
278.0 181.0 195.98009117429865 -153.08749093584063 248.6844940185547
294.0 181.0 156.3226516883416 69.21670051743945 170.961181640625
310.0 181.0 115.38656506074692 201.20423824420743 231.94224548339844
326.0 181.0 338.87825420885747 273.82114971735683 435.6793518066406
342.0 181.0 512.9453077885793 45.866552055048274 514.9918823242188
358.0 181.0 169.84033069359668 -95.97595649464986 195.0823516845703
374.0 181.0 -138.35105728917492 -83.65551475480008 161.67640686035156
390.0 181.0 -145.01520177688164 15.47053131404083 145.8380889892578
406.0 181.0 -82.61631772481277 -32.775138116602186 88.88006591796875
422.0 181.0 -71.66715534617467 -86.3808573707369 112.24007415771484
438.0 181.0 -98.63967591800272 -32.61869107940251 103.8930435180664
454.0 181.0 20.81345861205205 -130.18090997901697 131.83424377441406
470.0 181.0 9.396170463960683 -154.14399335307945 154.43011474609375
486.0 181.0 -144.4376255359189 -109.66093835932973 181.34979248046875
502.0 181.0 -128.62380645356842 -283.5986893785106 311.40374755859375
518.0 181.0 -78.13892684337985 -360.8892796613276 369.2516174316406
22.0 197.0 -69.59753591912364 -38.4334844628337 79.50440216064453
38.0 197.0 -31.09606163731649 -339.55268251600654 340.9736022949219
54.0 197.0 -19.59437733616814 -178.38558023765725 179.45851135253906
70.0 197.0 100.74678230551172 -109.86573218158853 149.0650634765625
86.0 197.0 156.05288141852552 139.82036138913045 209.52859497070312
102.0 197.0 7.17309387430762 393.09964811257123 393.16510009765625
118.0 197.0 -69.86316380959869 436.46574148513236 442.021728515625
134.0 197.0 -13.295973339859206 204.79374734196122 205.2248992919922
150.0 197.0 -7.52548890293371 79.06204853538364 79.41939544677734
166.0 197.0 57.605176575825965 -1.0009698183349776 57.61387252807617
182.0 197.0 120.68843208550072 -21.407454716510426 122.57233428955078
198.0 197.0 86.34263761945576 7.942695626498083 86.70719146728516
214.0 197.0 90.40113543412943 -100.92865719924421 135.4952392578125
230.0 197.0 135.0138452784517 -175.51212888148243 221.4345245361328
246.0 197.0 118.31041545993426 -68.96283297856486 136.9424285888672
262.0 197.0 55.166676112920754 67.34996228490944 87.05963134765625
278.0 197.0 -29.591004625794778 16.282669685366358 33.77503204345703
294.0 197.0 -110.7838041832425 11.865675668846027 111.41743469238281
310.0 197.0 -24.172614654323034 148.61415728871418 150.56719970703125
326.0 197.0 325.81232196454346 172.3372903611033 368.5835266113281
342.0 197.0 436.33158789023884 123.93670717699882 453.59185791015625
358.0 197.0 -36.08958093156221 104.14927946069014 110.22490692138672
374.0 197.0 -346.17451171994435 9.970998928086514 346.3180847167969
390.0 197.0 -260.9976509639798 25.485656249783965 262.239013671875
406.0 197.0 -58.816620134547804 -68.72385698096434 90.45641326904297
422.0 197.0 -47.30347009560244 -125.74617259741999 134.3492431640625
438.0 197.0 -53.014794065218744 -150.37216795728563 159.4438934326172
454.0 197.0 65.65190238664508 -153.747319553804 167.1777801513672
470.0 197.0 66.23294871441882 13.866812790838198 67.66899108886719
486.0 197.0 -9.393708854565087 -110.10565669895222 110.50564575195312
502.0 197.0 -81.62385644769722 -264.0551445505553 276.3830261230469
518.0 197.0 -137.30697361647316 -353.9098639928922 379.6121520996094
22.0 213.0 91.72057888616754 207.53961251242902 226.90383911132812
38.0 213.0 71.53213842225286 -56.3777943126235 91.07855224609375
54.0 213.0 40.732130590640665 -78.41134947088096 88.35975646972656
70.0 213.0 -32.68023892413068 -181.72078406388184 184.63597106933594
86.0 213.0 -81.91447768995184 98.12952034153231 127.82559967041016
102.0 213.0 -12.4340713897089 344.39629186148477 344.62066650390625
118.0 213.0 66.40443982304882 328.5728054528269 335.2158203125
134.0 213.0 112.76924143336011 163.52677697547145 198.64015197753906
150.0 213.0 101.25777152564251 18.220572500718184 102.88404083251953
166.0 213.0 106.20196253795794 -39.50637332370107 113.31200408935547
182.0 213.0 -104.0805229931097 5.796223591292348 104.24179077148438
198.0 213.0 -90.87660060550208 55.255880344312544 106.35679626464844
214.0 213.0 116.55252938317683 -115.27811965116949 163.93150329589844
230.0 213.0 180.78083707789924 -191.62227674412654 263.4403381347656
246.0 213.0 233.37896810654914 -6.198759861089324 233.46127319335938
262.0 213.0 205.14630920633465 153.86071984046555 256.4334716796875
278.0 213.0 48.569493354224555 95.21833664340997 106.8902587890625
294.0 213.0 -93.24584479949101 32.232225387097095 98.65953826904297
310.0 213.0 -130.51705508906392 93.38396890638066 160.48448181152344
326.0 213.0 -28.450636229240317 -13.10271285063849 31.322832107543945
342.0 213.0 58.87211402872495 59.270848177939875 83.54016876220703
358.0 213.0 -30.230107562506966 165.72009692027308 168.45477294921875
374.0 213.0 -148.16258289665655 14.940028525986932 148.91392517089844
390.0 213.0 -116.26332668300383 61.01062622012865 131.2991180419922
406.0 213.0 21.641019661925167 49.281377640903116 53.823673248291016
422.0 213.0 7.831452069440729 -18.720225739881567 20.292325973510742
438.0 213.0 -39.86686097301235 -72.4111656848013 82.66040802001953
454.0 213.0 -40.63707185430914 -13.906337887022644 42.950645446777344
470.0 213.0 15.223892524448441 -7.600733994500974 17.015817642211914
486.0 213.0 -7.664467934179265 -174.07461051578883 174.24325561523438
502.0 213.0 -37.687325180283025 -134.98518401888876 140.14755249023438
518.0 213.0 -0.6216197078462851 -76.41852091084307 76.42105102539062
22.0 229.0 120.21450315073807 183.61912292075178 219.47097778320312
38.0 229.0 98.45303020198449 163.38315400693088 190.75390625
54.0 229.0 136.2346791504226 99.58967645430974 168.7542266845703
70.0 229.0 132.5309198920525 -82.06188678427442 155.8800811767578
86.0 229.0 -3.349162950112905 -37.51158841851351 37.660804748535156
102.0 229.0 45.982362622322874 114.14243232542312 123.05638122558594
118.0 229.0 102.07289757956583 82.74374994621492 131.39788818359375
134.0 229.0 143.0048934702306 -78.45504117165869 163.11221313476562
150.0 229.0 173.14182309731584 -165.2410256695404 239.3380126953125
166.0 229.0 134.75872762599377 -43.01030902676951 141.4560089111328
182.0 229.0 -121.7952833101931 53.16577948694598 132.89353942871094
198.0 229.0 -78.89227800336472 -37.49852272599246 87.35061645507812
214.0 229.0 108.09645693105541 -115.60263405464994 158.26817321777344
230.0 229.0 176.3245475537724 -47.218812599064336 182.53756713867188
246.0 229.0 227.80848369461052 52.783294719955904 233.84349060058594
262.0 229.0 209.57931577261817 42.1955104882183 213.78482055664062
278.0 229.0 194.1155180219074 2.6238464265421184 194.1332550048828
294.0 229.0 95.26025888281436 29.280342027817863 99.65869140625
310.0 229.0 -145.90049309614642 64.63292133808186 159.57559204101562
326.0 229.0 -288.52974431895484 -33.9994481401079 290.5260314941406
342.0 229.0 -166.46067613580118 -10.770573752044966 166.8087615966797
358.0 229.0 -63.032679531456246 -16.712262927494653 65.2105712890625
374.0 229.0 -101.97538689155431 -140.07691756919778 173.26431274414062
390.0 229.0 -102.29980256888119 48.25789257256365 113.11089324951172
406.0 229.0 -89.66100249581085 173.36025638511552 195.17396545410156
422.0 229.0 -120.10579115493064 142.1482666536913 186.09548950195312
438.0 229.0 -201.66787112976573 105.26824551561707 227.48919677734375
454.0 229.0 -172.80721626975503 54.78727482529472 181.2842559814453
470.0 229.0 -51.65074266138499 -36.217581533207195 63.083377838134766
486.0 229.0 -48.177499673118994 -158.67285197357688 165.82565307617188
502.0 229.0 23.219832740023246 10.973381874348888 25.682207107543945
518.0 229.0 90.62074010552391 202.96384488975568 222.27560424804688
22.0 245.0 -216.3460555317262 -118.5353607328276 246.6905975341797
38.0 245.0 -21.60107639062305 257.4043628177899 258.30914306640625
54.0 245.0 80.89151153688913 103.10115195102448 131.046875
70.0 245.0 61.024052292950735 -61.47491884599322 86.62043762207031
86.0 245.0 -74.54574770432241 -43.764531954283015 86.44306182861328
102.0 245.0 -137.1277133309399 39.88621423983324 142.81077575683594
118.0 245.0 60.28989247694808 -33.43506803923336 68.94036865234375
134.0 245.0 208.43080771128865 -145.52764469997376 254.20797729492188
150.0 245.0 184.7085191385088 -223.15437420093147 289.6810607910156
166.0 245.0 201.63659509194906 -89.80238360846204 220.73011779785156
182.0 245.0 101.58843961050452 26.97733781946438 105.10940551757812
198.0 245.0 69.70424413486924 -35.1433298288852 78.0623779296875
214.0 245.0 67.2110932954354 -34.381157247760655 75.49433898925781
230.0 245.0 35.59810651438142 56.10202003310775 66.44292449951172
246.0 245.0 39.86223036584701 21.22020131712793 45.158546447753906
262.0 245.0 -8.661272491011745 -91.91055244987788 92.3177490234375
278.0 245.0 98.68545863314527 -33.40675812761359 104.1865234375
294.0 245.0 305.0281040890792 138.76194446868286 335.10748291015625
310.0 245.0 91.92571514613388 179.25995112768223 201.45587158203125
326.0 245.0 -261.3425390368459 77.65926463698707 272.63690185546875
342.0 245.0 -230.91929466128394 47.88441554990164 235.83180236816406
358.0 245.0 -180.40566527475048 -104.3069797528946 208.38941955566406
374.0 245.0 -271.36282299940865 -213.13701474617756 345.0581970214844
390.0 245.0 -279.5401429010675 36.02506285095039 281.8518981933594
406.0 245.0 -307.7521900870252 280.25907602043196 416.2409973144531
422.0 245.0 -288.1045763417817 290.95773483589875 409.4638671875
438.0 245.0 -129.35372431430736 176.26361364882464 218.6349639892578
454.0 245.0 -42.39183913439194 45.518304106723605 62.20115661621094
470.0 245.0 -19.422917870347455 -38.0285127213877 42.70149230957031
486.0 245.0 -59.18895252667571 -89.16095335330158 107.01872253417969
502.0 245.0 -1.4748871994843522 48.47823409645501 48.50066375732422
518.0 245.0 25.307642850043617 282.9705854518598 284.10003662109375
22.0 261.0 -363.27220048557047 -51.486122825675515 366.902587890625
38.0 261.0 -48.9953039737006 203.58247692570893 209.39523315429688
54.0 261.0 43.00572583967587 117.16171924923458 124.80529022216797
70.0 261.0 -86.359716584217 57.59107894362844 103.8014144897461
86.0 261.0 -209.318991598134 156.255340772181 261.20904541015625
102.0 261.0 -269.2170441672657 208.28143196513872 340.380615234375
118.0 261.0 23.723874492209518 -50.423729607585834 55.72589111328125
134.0 261.0 118.08500589454466 -59.99951628638329 132.4538116455078
150.0 261.0 118.7801880792673 -115.92394727010792 165.97317504882812
166.0 261.0 155.9645695221203 -190.83709911868434 246.46246337890625
182.0 261.0 135.64495233639153 -53.105869751032884 145.67013549804688
198.0 261.0 100.62677942189961 63.192333883315335 118.82347869873047
214.0 261.0 55.42962608178514 115.42812168241427 128.0472412109375
230.0 261.0 -26.130259460629638 57.57964776289121 63.23137283325195
246.0 261.0 -119.38590196419332 -66.08103472522602 136.45401000976562
262.0 261.0 -313.2321865568423 -180.6934036946593 361.61376953125
278.0 261.0 -234.8631404282981 -20.299198420162405 235.73873901367188
294.0 261.0 76.0226211005976 314.6921180353252 323.7445983886719
310.0 261.0 118.18054589089277 459.965540163493 474.9051818847656
326.0 261.0 -55.67401901759096 332.7501664555855 337.37554931640625
342.0 261.0 -59.1445526192388 201.51864129164719 210.01866149902344
358.0 261.0 -130.13053556315484 -83.22123510667662 154.46595764160156
374.0 261.0 -207.46530991377995 -224.67495799359378 305.8115234375
390.0 261.0 -241.94880616899476 -33.248703516758724 244.22264099121094
406.0 261.0 -308.3278128845287 233.50730306215925 386.7708740234375
422.0 261.0 -181.5693543512871 262.96204678829287 319.5566711425781
438.0 261.0 -36.39708323003998 161.77598336221058 165.81982421875
454.0 261.0 2.310986455881735 61.73330922489272 61.77655029296875
470.0 261.0 -28.13725090710987 26.6398984864119 38.74776077270508
486.0 261.0 -58.6810218248636 -50.94436358455446 77.70965576171875
502.0 261.0 -30.414163863568678 -58.33080835750034 65.78376770019531
518.0 261.0 -28.0936637656867 78.65895685697174 83.52536010742188
22.0 277.0 -131.0017005265653 -125.58034152779601 181.4713897705078
38.0 277.0 -7.154568536346161 72.06164105453878 72.41593933105469
54.0 277.0 58.718992767262435 195.95760745497128 204.56613159179688
70.0 277.0 31.250642486602718 257.5631978491928 259.4521179199219
86.0 277.0 58.72191396998228 235.1038280299441 242.3263702392578
102.0 277.0 140.00397614179232 74.11633818647748 158.4119415283203
118.0 277.0 229.06250697370814 -70.34396595226694 239.62033081054688
134.0 277.0 135.91672167339618 -5.204913277480264 136.01634216308594
150.0 277.0 35.7227679424578 -16.09231977970187 39.180084228515625
166.0 277.0 57.64737504809025 -88.28494981928584 105.4393310546875
182.0 277.0 33.239451650142726 6.5331008215012885 33.875396728515625
198.0 277.0 -12.079689247672041 139.04043851122438 139.56419372558594
214.0 277.0 45.412788492847824 146.7677116118327 153.63294982910156
230.0 277.0 70.5597592389873 18.7027067128981 72.99637603759766
246.0 277.0 -141.35139420869126 -9.205524310702241 141.6508331298828
262.0 277.0 -437.729991119737 -90.25814826932863 446.9385681152344
278.0 277.0 -372.5352986384422 -153.34381283587132 402.8608703613281
294.0 277.0 -151.4347186650655 188.15338279761545 241.52467346191406
310.0 277.0 -23.907936895370263 397.6251708074953 398.34326171875
326.0 277.0 -15.408590470353564 231.94660743230344 232.45785522460938
342.0 277.0 -42.520523127822344 83.98446692528637 94.13493347167969
358.0 277.0 -44.979483431999746 -172.71088242911082 178.4718475341797
374.0 277.0 -33.107157415441705 -229.36582523604937 231.74288940429688
390.0 277.0 -62.405842411904835 -115.37681909853833 131.17279052734375
406.0 277.0 -106.6313800816831 218.30960307579562 242.95953369140625
422.0 277.0 -88.68679087813523 239.89653124719737 255.76492309570312
438.0 277.0 -116.47657382324162 42.75902465293825 124.07709503173828
454.0 277.0 -100.21580861097497 40.59897371585329 108.12716674804688
470.0 277.0 -68.29037726542023 121.52183146468421 139.39559936523438
486.0 277.0 5.65782564062623 5.2701671791426055 7.732118129730225
502.0 277.0 95.47334903152466 -143.1482599454722 172.06564331054688
518.0 277.0 70.24638755253358 -126.99904566837793 145.13204956054688
22.0 293.0 -152.9653809336245 234.17656393861716 279.7088928222656
38.0 293.0 -101.18643781321656 125.87212608851935 161.500732421875
54.0 293.0 84.97805954124978 124.66481956059434 150.8727569580078
70.0 293.0 196.77869464339824 160.01808680691315 253.6289520263672
86.0 293.0 291.0404949259606 48.08704226795056 294.986328125
102.0 293.0 387.508127210846 5.63411431384221 387.549072265625
118.0 293.0 357.7165300540111 82.09660183047043 367.01629638671875
134.0 293.0 189.142590770083 133.39522075886566 231.45022583007812
150.0 293.0 -57.23434065650309 122.14331344380103 134.88795471191406
166.0 293.0 -159.08718223524048 140.8322877327411 212.46755981445312
182.0 293.0 -156.54131388031558 216.28126982738505 266.98834228515625
198.0 293.0 -214.30253098850685 174.99998784148104 276.677734375
214.0 293.0 -175.447222135542 1.2764605418234516 175.4518585205078
230.0 293.0 -39.70358099148228 -54.555279546989674 67.47335052490234
246.0 293.0 -170.30654440820848 146.27753172019618 224.5026397705078
262.0 293.0 -334.7073432009162 129.09702800378062 358.74090576171875
278.0 293.0 -376.2826358331502 -193.77206005996513 423.244873046875
294.0 293.0 -460.82512082987864 -182.00060195620796 495.46343994140625
310.0 293.0 -205.9045205554978 -24.713132063561225 207.3822784423828
326.0 293.0 -1.5623377651994885 -65.14110280219913 65.15983581542969
342.0 293.0 54.72045325005574 -51.700080066923796 75.2809829711914
358.0 293.0 38.44406391363278 -99.04426541305051 106.24364471435547
374.0 293.0 -36.29020690597912 -46.65005472659234 59.103355407714844
390.0 293.0 -106.73304734576048 -25.305939242265424 109.6919937133789
406.0 293.0 7.152717497211357 209.10559002697866 209.22789001464844
422.0 293.0 193.13062495191522 335.7541455076769 387.3374328613281
438.0 293.0 -46.3404757838297 -137.4671570109247 145.06777954101562
454.0 293.0 -195.14180773786944 -30.928762980510253 197.57762145996094
470.0 293.0 -114.1318457379004 223.74098933427322 251.1694793701172
486.0 293.0 119.68320842421292 122.3007173127022 171.1184844970703
502.0 293.0 339.8176072027137 -51.20112526763554 343.65325927734375
518.0 293.0 406.95474865942606 -108.63396560377662 421.204833984375
22.0 309.0 -121.20850374629724 1180.8731179104818 1187.077392578125
38.0 309.0 -7.7892996232891445 56.98352266130218 57.51343536376953
54.0 309.0 263.75479329014377 -257.8919151871197 368.8832092285156
70.0 309.0 371.46606945430216 -166.09391577363033 406.90814208984375
86.0 309.0 465.20530455746854 -89.29657477500037 473.69805908203125
102.0 309.0 526.5500681857982 92.10755924497454 534.54541015625
118.0 309.0 361.9111508472343 324.5384795613415 486.1120300292969
134.0 309.0 112.68850803275859 322.96198523577175 342.0572204589844
150.0 309.0 -162.51615211142493 262.9792451657133 309.143310546875
166.0 309.0 -355.90096487801145 236.03730119237602 427.05865478515625
182.0 309.0 -319.9016192482122 312.59566171270353 447.27294921875
198.0 309.0 -376.2802160704485 190.5430023474947 421.7741394042969
214.0 309.0 -494.38653988639345 -120.06401517364625 508.7567443847656
230.0 309.0 -448.4721577544824 -188.4948475180995 486.4746398925781
246.0 309.0 -399.21384450215584 66.38643008807195 404.6960144042969
262.0 309.0 -381.20773032362956 191.8290434896858 426.7525329589844
278.0 309.0 -384.590669537366 -25.42342626388825 385.4300537109375
294.0 309.0 -448.7971817491842 -258.9154670154329 518.1275024414062
310.0 309.0 -274.6131063119262 -442.81285039002057 521.0523681640625
326.0 309.0 -46.25051109528208 -319.3913341282723 322.7226867675781
342.0 309.0 43.34171963566946 -49.82974134150097 66.04170989990234
358.0 309.0 24.560988999065785 124.9748616997309 127.36544799804688
374.0 309.0 -27.331676179557927 187.03942044152282 189.0258331298828
390.0 309.0 -36.44147180013212 46.12020336992149 58.77970886230469
406.0 309.0 98.17710939514032 -37.19361422148414 104.98623657226562
422.0 309.0 453.04434323824177 155.78096369543582 479.0791931152344
438.0 309.0 272.7101875699142 -112.79530837992357 295.1163024902344
454.0 309.0 -110.70879796265977 16.74025296343172 111.96729278564453
470.0 309.0 -99.21795218910476 276.78798505312676 294.0336608886719
486.0 309.0 233.96259360759572 244.77735641304417 338.60662841796875
502.0 309.0 405.13867550819555 -41.857605385510425 407.29522705078125
518.0 309.0 266.6001541700319 -162.26821313202757 312.100341796875
