22.0 21.0 -272.4696861354639 569.3029993013911 631.1463012695312
38.0 21.0 -235.09073328888255 -46.75536456318817 239.69505310058594
54.0 21.0 -117.0664476285337 -310.2509048350232 331.6024475097656
70.0 21.0 19.586428594689632 130.27288398275022 131.737060546875
86.0 21.0 164.02551694060614 -224.96873567386783 278.41571044921875
102.0 21.0 336.8481856002106 -342.16047782323045 480.1463317871094
118.0 21.0 295.1255130062372 -394.6268057344937 492.7772216796875
134.0 21.0 78.90289760942693 -574.840536168044 580.2304077148438
150.0 21.0 153.5610006306218 -620.5736962017189 639.290771484375
166.0 21.0 400.5309136953646 -612.8426362126241 732.1209716796875
182.0 21.0 514.7539484895813 -306.3617612229405 599.0234985351562
198.0 21.0 318.030158362471 14.458185484257138 318.358642578125
214.0 21.0 274.4396571630193 -46.79473258887293 278.40057373046875
230.0 21.0 210.100051890623 -100.16086057310245 232.7535858154297
246.0 21.0 38.70089478662609 -2.7508165252864414 38.79853439331055
262.0 21.0 78.25281417680971 186.74442231732382 202.47711181640625
278.0 21.0 142.25992641474312 412.68320505016464 436.51495361328125
294.0 21.0 135.62822470980421 402.78434479199996 425.00616455078125
310.0 21.0 -90.81715327046967 402.89621878638854 413.0049743652344
326.0 21.0 -325.35518755845 554.5719432324236 642.9666137695312
342.0 21.0 -319.75875075956634 355.9317342671213 478.469482421875
358.0 21.0 -189.94996837099723 -127.04324217562885 228.5190887451172
374.0 21.0 -174.80643590299255 -219.0583463602103 280.2567443847656
390.0 21.0 -346.8948874981417 -103.17648239515378 361.9136047363281
406.0 21.0 -473.5140014756621 68.308810219027 478.41571044921875
422.0 21.0 -314.6913301224601 70.91678769790211 322.5830383300781
438.0 21.0 122.85029834898958 -125.91943394079559 175.92015075683594
454.0 21.0 378.1826112869818 -40.61183215696241 380.35693359375
470.0 21.0 245.0087407935069 -7.909450654271288 245.13636779785156
486.0 21.0 170.30221241273273 -102.43913995828376 198.73756408691406
502.0 21.0 161.6689016670407 -4.04176890360233 161.71942138671875
518.0 21.0 47.701332554240444 15.327076742535017 50.10325622558594
22.0 37.0 -219.01459768400557 106.53229063281873 243.54983520507812
38.0 37.0 -41.3725263954947 -56.6027830459736 70.1110610961914
54.0 37.0 -153.8797678001043 -278.05593643561093 317.795654296875
70.0 37.0 -152.25398921321155 170.27764607549955 228.4201202392578
86.0 37.0 -13.415321745587024 -161.2128855494132 161.7700958251953
102.0 37.0 45.679307300460856 -413.2046408991454 415.72186279296875
118.0 37.0 165.623278125185 -277.2022991463608 322.91204833984375
134.0 37.0 106.9735556923252 -374.5662179144695 389.54229736328125
150.0 37.0 68.9145307886738 -539.7599042150674 544.1414794921875
166.0 37.0 193.3329631845886 -595.2505507848167 625.860107421875
182.0 37.0 198.74961479368696 -474.57681046907675 514.513916015625
198.0 37.0 248.02332630775493 -300.2140856448972 389.4150390625
214.0 37.0 270.72285532304863 -179.0283070134995 324.5643310546875
230.0 37.0 81.98558384225859 -31.339927136149065 87.77144622802734
246.0 37.0 -61.91344523223597 129.01169938038674 143.09889221191406
262.0 37.0 -70.3837443106227 413.1889109481338 419.1407165527344
278.0 37.0 -138.02636104762482 566.1178404742427 582.701171875
294.0 37.0 -132.15189014884555 504.82664253053025 521.8372192382812
310.0 37.0 -179.84660243895837 557.5189264604566 585.8089599609375
326.0 37.0 -86.89778062774491 678.2448848232916 683.7889404296875
342.0 37.0 152.20679411176098 725.3450075628334 741.142578125
358.0 37.0 367.78702909535576 175.6196989503921 407.5654296875
374.0 37.0 290.24871902969403 28.223869596493433 291.61773681640625
390.0 37.0 -12.21813498611246 25.382869950826148 28.170425415039062
406.0 37.0 -298.01201134922775 -38.55459641253956 300.49560546875
422.0 37.0 -265.2676763331313 -397.03713150336495 477.4991455078125
438.0 37.0 -45.27232375384108 -756.8718929397019 758.2246704101562
454.0 37.0 -15.548210254999814 -459.22691165374175 459.49005126953125
470.0 37.0 22.533800925872054 -246.54009547786688 247.5677490234375
486.0 37.0 92.34653829724022 -177.0956437143588 199.7266845703125
502.0 37.0 174.50007964030428 82.25602302396567 192.91534423828125
518.0 37.0 91.22738763610884 484.38002897650495 492.89599609375
22.0 53.0 -254.42039359064546 -287.2772514193452 383.7420349121094
38.0 53.0 -78.2537041848121 -215.93021764816723 229.67259216308594
54.0 53.0 -3.6851011146015633 -56.976355684613054 57.095401763916016
70.0 53.0 -76.21958086353935 200.6744127779525 214.6616973876953
86.0 53.0 36.40582379968172 18.46785694297609 40.82212448120117
102.0 53.0 -37.96723248081143 -136.78608491078452 141.95753479003906
118.0 53.0 -163.03991557245797 -56.479736434882206 172.5455780029297
134.0 53.0 -101.82759782135716 -37.49966778250241 108.5130615234375
150.0 53.0 76.34093905341557 -132.41938043798936 152.8490447998047
166.0 53.0 172.83454561078364 -255.89904613802616 308.7978210449219
182.0 53.0 79.82450648833363 -633.7538031717615 638.7611694335938
198.0 53.0 162.39201098554324 -661.4917513375016 681.1332397460938
214.0 53.0 149.6782773357192 -250.78479826678912 292.0558166503906
230.0 53.0 2.8988106134892355 90.19733241820724 90.24390411376953
246.0 53.0 19.947947919796587 220.11147617129038 221.01353454589844
262.0 53.0 40.784946789063866 277.2960444974119 280.2793273925781
278.0 53.0 -30.366284265584763 388.5011462899145 389.68609619140625
294.0 53.0 -120.91588760251682 330.7043652172658 352.1164855957031
310.0 53.0 -148.7525769410206 344.7005014819685 375.42742919921875
326.0 53.0 27.92171272181586 709.1144352380663 709.6639404296875
342.0 53.0 202.79704633685282 633.0497851514571 664.7395629882812
358.0 53.0 409.124666825029 550.3552301543958 685.7651977539062
374.0 53.0 302.20971812004274 206.52272889529837 366.0360107421875
390.0 53.0 88.88764930877437 11.869951984828694 89.67669677734375
406.0 53.0 -86.02070507163413 -128.56554060515361 154.6889190673828
422.0 53.0 -180.56232094084234 -414.13943429382135 451.7900085449219
438.0 53.0 -239.86332737871786 -763.3176418351521 800.1176147460938
454.0 53.0 -154.8205582135108 -604.3329825754683 623.84912109375
470.0 53.0 -74.40320702818963 -318.83678623081397 327.40301513671875
486.0 53.0 -53.75204260987505 -218.7763544865027 225.2828826904297
502.0 53.0 95.51697603392074 53.262487226166165 109.3635482788086
518.0 53.0 154.97507426195938 439.38219336488277 465.9119873046875
22.0 69.0 -292.594393694381 -429.5041670211015 519.6973266601562
38.0 69.0 -141.18481074114825 -351.6216302849349 378.90753173828125
54.0 69.0 -67.91034538566593 7.815073520307895 68.3585433959961
70.0 69.0 -30.87574479157919 283.69604244787854 285.3712463378906
86.0 69.0 -47.856212517937024 178.54842159458715 184.8506317138672
102.0 69.0 -74.79929396037991 51.14607658389415 90.61376953125
118.0 69.0 -57.34922394266318 34.27374668774145 66.81035614013672
134.0 69.0 -21.846642303348336 86.15455947229889 88.88129425048828
150.0 69.0 168.759002283292 71.01884095921137 183.0936279296875
166.0 69.0 370.8680356844215 26.263799784727407 371.7968444824219
182.0 69.0 166.17639231995025 -611.3783247205865 633.559814453125
198.0 69.0 7.838561763343489 -633.3006839237175 633.3491821289062
214.0 69.0 -200.36380742546118 -199.26454850047162 282.58099365234375
230.0 69.0 -243.8174996597778 154.61786501652594 288.7103271484375
246.0 69.0 26.225476581621812 232.8802674027865 234.352294921875
262.0 69.0 97.94065859975467 9.355858704992274 98.38650512695312
278.0 69.0 89.46699624345221 -16.723022115111544 91.01649475097656
294.0 69.0 100.32637805931711 138.57464216398105 171.07984924316406
310.0 69.0 95.86855441468813 142.87734207278103 172.06021118164062
326.0 69.0 102.79937695742417 179.64702890698527 206.98011779785156
342.0 69.0 186.59940501980407 429.00855660722135 467.83294677734375
358.0 69.0 234.94477782981974 633.7368633727449 675.8856811523438
374.0 69.0 83.8143977337267 232.6005660099559 247.2405242919922
390.0 69.0 19.64649303681005 -26.879587483834353 33.294097900390625
406.0 69.0 36.9136033062279 -103.14007802738168 109.54674530029297
422.0 69.0 -35.28070222933278 -192.3338796895806 195.54295349121094
438.0 69.0 -165.2345616032196 -294.3668093285437 337.5711364746094
454.0 69.0 -159.8033367802637 -244.20840665753497 291.8473205566406
470.0 69.0 -43.189579825662825 -71.34531077756235 83.39959716796875
486.0 69.0 -186.9727486503301 -215.22384318886708 285.0966796875
502.0 69.0 -124.60898837762034 -196.3855576691162 232.5826416015625
518.0 69.0 86.89580511001157 36.11697768332777 94.10269165039062
22.0 85.0 -82.7720540062215 -255.79834920049612 268.8568420410156
38.0 85.0 5.983308985135869 -126.72127915133856 126.86245727539062
54.0 85.0 19.967860695973382 257.6766390074011 258.44915771484375
70.0 85.0 -76.56882900513152 409.54720809084233 416.64337158203125
86.0 85.0 -68.54404392834476 261.8015146527644 270.62579345703125
102.0 85.0 34.787572435870445 -59.35089197753423 68.79464721679688
118.0 85.0 208.42976256463876 -161.50068694309064 263.6767578125
134.0 85.0 122.85782396444341 62.648335891544605 137.90887451171875
150.0 85.0 75.0243217386166 158.88326265995627 175.70584106445312
166.0 85.0 169.63310014707645 192.22953423766896 256.3739013671875
182.0 85.0 80.80236364692571 -22.91692346024828 83.98932647705078
198.0 85.0 -215.72626255885044 -324.6696943738668 389.8053894042969
214.0 85.0 -533.2506286252665 -74.47756886666535 538.426513671875
230.0 85.0 -589.0122310171013 72.20059337316013 593.4208984375
246.0 85.0 -49.3641493476043 102.31039220681015 113.59680938720703
262.0 85.0 240.7727661604534 -145.12298536813128 281.1266784667969
278.0 85.0 283.0840621060546 -362.8052830676899 460.1784973144531
294.0 85.0 242.43523647905212 -130.1302571101447 275.1521911621094
310.0 85.0 363.6866784192232 -4.409120177135407 363.7134094238281
326.0 85.0 285.74275057360484 -38.942859926492666 288.3842468261719
342.0 85.0 43.48333893738287 -71.22547985379227 83.4498062133789
358.0 85.0 33.90062410076943 33.687037605206946 47.79193115234375
374.0 85.0 53.805032128246964 31.441249490425307 62.3180046081543
390.0 85.0 99.19045622689217 18.780219396796788 100.95267486572266
406.0 85.0 182.06804362174262 100.28665812491772 207.86097717285156
422.0 85.0 100.50978911323718 18.05888931243143 102.11924743652344
438.0 85.0 -47.06720423872693 -63.14434636036086 78.75614166259766
454.0 85.0 -120.04261306895961 -79.82307992418707 144.1594696044922
470.0 85.0 -65.67747611438595 -4.635974340070489 65.84088897705078
486.0 85.0 -113.45505466786773 -69.49875466951612 133.04933166503906
502.0 85.0 -310.7482095370312 -660.8623648302847 730.2763061523438
518.0 85.0 -114.27836004691525 -684.0885886850374 693.568115234375
22.0 101.0 -51.38688661716512 160.0691501689858 168.1152801513672
38.0 101.0 93.17644098387424 163.21553045989748 187.93923950195312
54.0 101.0 175.69639194305424 296.430214962494 344.58685302734375
70.0 101.0 146.20279165367947 341.2847688214 371.2823181152344
86.0 101.0 184.1379685976123 82.01813431603391 201.57818603515625
102.0 101.0 248.54810599413906 -194.10683859272808 315.3627014160156
118.0 101.0 119.56708221101155 -263.81789155941453 289.6483459472656
134.0 101.0 -85.19950437750934 -27.94542335233322 89.6655044555664
150.0 101.0 -113.9492826624321 145.23253546529983 184.599365234375
166.0 101.0 40.16509096611016 225.92377638070545 229.46630859375
182.0 101.0 194.8608836651702 208.01398342078605 285.02734375
198.0 101.0 138.5582261603399 -12.392328080931172 139.11129760742188
214.0 101.0 -377.08042863899317 11.846375987208136 377.2664794921875
230.0 101.0 -454.972456606419 42.19807821912072 456.9251708984375
246.0 101.0 -55.86919013864939 5.71626276039117 56.160858154296875
262.0 101.0 320.34604536142297 -168.67321928221253 362.03900146484375
278.0 101.0 372.6671388615823 -258.93285869781135 453.7918395996094
294.0 101.0 326.98755876058414 -101.89778687941082 342.4967346191406
310.0 101.0 336.6429337921113 -19.008815299918638 337.1791687011719
326.0 101.0 422.4203553260487 -5.582585081482067 422.4572448730469
342.0 101.0 215.30248041346445 -185.18283116427506 283.9856262207031
358.0 101.0 63.32499827312985 -294.59154529194785 301.32080078125
374.0 101.0 26.907188607922496 -128.86015542854477 131.63941955566406
390.0 101.0 68.37477663702995 38.633091417148364 78.53423309326172
406.0 101.0 110.74235241608719 216.63505053574374 243.2994384765625
422.0 101.0 96.39675255159987 206.06922139963652 227.5013427734375
438.0 101.0 42.081855072512965 67.78535766451992 79.78556823730469
454.0 101.0 -55.0307514941525 -21.335041439493686 59.02175521850586
470.0 101.0 -102.38637001710859 -13.70880348176127 103.300048828125
486.0 101.0 -98.38518877844443 -33.64674929741551 103.97956085205078
502.0 101.0 -214.09041665069526 -479.6160693245468 525.229736328125
518.0 101.0 -257.4401968351706 -656.8140129243463 705.4644775390625
22.0 117.0 117.91855526693215 248.72968037375765 275.2657470703125
38.0 117.0 221.2165856145413 228.6079405284787 318.1169128417969
54.0 117.0 270.68794373725876 142.58835843659628 305.9467468261719
70.0 117.0 146.65153481567177 203.97509412383405 251.22203063964844
86.0 117.0 178.343608476562 -6.787480815123738 178.47271728515625
102.0 117.0 186.51496395538877 -62.71993346957923 196.77810668945312
118.0 117.0 -61.263781591634476 -89.85103222121475 108.74952697753906
134.0 117.0 -249.51745536275544 -14.88744757735155 249.96119689941406
150.0 117.0 -159.99104665712466 76.27409178159805 177.24241638183594
166.0 117.0 50.95973434989015 141.19095972871153 150.10589599609375
182.0 117.0 306.4377262745953 202.96124128384656 367.555908203125
198.0 117.0 367.1783754376632 135.5228214599367 391.3903503417969
214.0 117.0 -11.744771084387471 64.21437193959815 65.27959442138672
230.0 117.0 -179.2382215573551 44.259951482548246 184.6219940185547
246.0 117.0 100.40348165824399 -44.152219374219385 109.68262481689453
262.0 117.0 272.7924167106254 -149.44945545215563 311.0479736328125
278.0 117.0 323.273366575607 -208.06408313862246 384.44287109375
294.0 117.0 245.27124676872583 -67.48558094589715 254.38609313964844
310.0 117.0 94.13218893620424 175.98750432972065 199.5807342529297
326.0 117.0 121.75518536634618 178.93336648108212 216.4289093017578
342.0 117.0 8.002881574729072 -73.64451807562351 74.07807159423828
358.0 117.0 -294.6868510430789 -455.8702778868798 542.8241577148438
374.0 117.0 -203.09951435603026 -191.12889827260832 278.89007568359375
390.0 117.0 -133.0945870288412 19.9689589254784 134.5842742919922
406.0 117.0 -99.15986832076415 164.82534974770937 192.35403442382812
422.0 117.0 69.27175786985768 190.01118650375219 202.24447631835938
438.0 117.0 120.50410088978651 170.77320654695833 209.0089111328125
454.0 117.0 -10.562041055601112 114.24836769121823 114.73554992675781
470.0 117.0 -99.5073233052738 45.02850757007487 109.2212142944336
486.0 117.0 -81.06872327178252 -69.34890271500652 106.68368530273438
502.0 117.0 -142.2816897974624 -345.6858817007987 373.8218994140625
518.0 117.0 -338.9344432273441 -612.9419936790546 700.4102172851562
22.0 133.0 370.5696445261593 265.45756619609034 455.83941650390625
38.0 133.0 590.0749907887204 208.69780392336875 625.8939819335938
54.0 133.0 245.89969129701842 39.318620496676104 249.0233154296875
70.0 133.0 -74.03262153116138 25.733904538744472 78.37769317626953
86.0 133.0 -135.17823677984828 -33.38814594083452 139.2405242919922
102.0 133.0 -13.612915164500512 -65.0711366603204 66.47980499267578
118.0 133.0 -45.21082324396155 -78.47463377256221 90.56647491455078
134.0 133.0 -149.08624641900764 -94.02662117919444 176.26036071777344
150.0 133.0 -37.799923872502355 -84.33883687016728 92.42225646972656
166.0 133.0 50.46796859779098 -44.09323493230083 67.01663208007812
182.0 133.0 145.973833103147 5.455444937102416 146.07574462890625
198.0 133.0 274.116919668248 22.930155952396362 275.0743103027344
214.0 133.0 342.00311637759677 60.75416445965276 347.3574523925781
230.0 133.0 380.0866995544939 3.2816620289373817 380.1008605957031
246.0 133.0 167.04910315346285 -107.20330666341877 198.48916625976562
262.0 133.0 -6.721528598093037 -164.71028015029538 164.8473663330078
278.0 133.0 91.48138958043911 -238.01181411699378 254.98719787597656
294.0 133.0 164.05233490332972 -169.00337195720996 235.53196716308594
310.0 133.0 76.60203929700621 85.60717723252675 114.8758544921875
326.0 133.0 26.72775936318659 241.41987323479654 242.8948974609375
342.0 133.0 -192.0813171292697 110.07935803030688 221.38812255859375
358.0 133.0 -630.8096814024744 -454.8644990242224 777.703369140625
374.0 133.0 -473.3159844052823 -250.4793148632331 535.5071411132812
390.0 133.0 -274.5107307586875 -24.168468361170483 275.5726013183594
406.0 133.0 -114.44639652842447 -55.445203852079715 127.16976165771484
422.0 133.0 43.70834450007848 10.385028720672763 44.925140380859375
438.0 133.0 142.66510705973002 86.72516030481201 166.9568328857422
454.0 133.0 51.160530940918 146.58781406915114 155.25909423828125
470.0 133.0 -55.259663220898716 68.19277517628872 87.77177429199219
486.0 133.0 -91.80489714875505 -124.5269118133649 154.70970153808594
502.0 133.0 -144.39792804749214 -283.7786420542462 318.4039611816406
518.0 133.0 -179.3875313975572 -402.28673005459035 440.47076416015625
22.0 149.0 360.8640198710949 23.123042095746026 361.6040954589844
38.0 149.0 618.414006765864 269.32213402435906 674.5148315429688
54.0 149.0 277.38220057741125 182.97870361553166 332.2981872558594
70.0 149.0 -181.00200991809172 20.930771645747623 182.20819091796875
86.0 149.0 -258.6864310699695 -20.150670144159207 259.4700622558594
102.0 149.0 -149.46847676766438 -25.58123813090668 151.6417694091797
118.0 149.0 -161.57187114262825 -42.01334137060042 166.9448699951172
134.0 149.0 -187.98932824464097 -125.27648544191163 225.907470703125
150.0 149.0 -35.95965314208163 -170.17703809983962 173.934814453125
166.0 149.0 11.121275792651454 -134.79567033473316 135.25367736816406
182.0 149.0 47.81477438881436 -131.77540895088796 140.18206787109375
198.0 149.0 166.32320852418798 -178.78604588367338 244.18817138671875
214.0 149.0 347.2509175100521 -84.64761390687387 357.4190979003906
230.0 149.0 446.23585792020685 13.573916622426479 446.4422607421875
246.0 149.0 -45.19978374681091 -51.71971902969517 68.68733215332031
262.0 149.0 -288.2794622417308 -175.11461202572517 337.29833984375
278.0 149.0 -95.42509252596885 -282.5491479353471 298.2280578613281
294.0 149.0 157.59503760378686 -293.25053908755586 332.9145202636719
310.0 149.0 58.15917862895418 -68.64852896598798 89.97283172607422
326.0 149.0 -162.2655892911061 285.82002692974214 328.6688537597656
342.0 149.0 -285.91191924944184 227.94298409394108 365.6550598144531
358.0 149.0 -420.41890046096114 -453.8456021783295 618.6500244140625
374.0 149.0 -225.6044220755689 -304.16267730619205 378.6981506347656
390.0 149.0 -103.68028081791573 -121.34231232492591 159.6043701171875
406.0 149.0 -62.25445078509354 -168.1033843722074 179.26060485839844
422.0 149.0 -24.477955861958314 -86.87868775733683 90.26116180419922
438.0 149.0 60.89324826972347 22.913516474807693 65.06163787841797
454.0 149.0 65.85001895141338 67.60024368302435 94.3717041015625
470.0 149.0 113.77721966071844 41.00344326216036 120.94022369384766
486.0 149.0 67.07052834276921 -145.77039059881457 160.4601593017578
502.0 149.0 -116.2119364732836 -286.1784404008291 308.874267578125
518.0 149.0 -176.36746583102712 -360.5694327634265 401.392333984375
22.0 165.0 -197.18040839081405 -339.7004103614394 392.78045654296875
38.0 165.0 -2.1103910402943207 252.65581704261936 252.6646270751953
54.0 165.0 38.20718139296774 302.0947688548246 304.50128173828125
70.0 165.0 -231.53772946370472 233.80645531564838 329.05194091796875
86.0 165.0 -259.734659326 140.73633423249737 295.4129333496094
102.0 165.0 -143.9815107429531 170.74345634152823 223.34727478027344
118.0 165.0 -173.62487591557726 190.33688059523715 257.6309814453125
134.0 165.0 -194.6438381562116 96.5856706357926 217.2901611328125
150.0 165.0 -182.4963885211111 -82.14389708671983 200.13133239746094
166.0 165.0 -169.7469755438303 -218.1185526810048 276.3869323730469
182.0 165.0 -104.86079817170807 -208.22428936056406 233.13760375976562
198.0 165.0 -110.02014331151742 -245.20994099758082 268.7607727050781
214.0 165.0 -108.17095005110238 -168.8712596247537 200.54539489746094
230.0 165.0 -169.16177815282356 60.368713994287454 179.61093139648438
246.0 165.0 -502.61705239082585 73.45752604372524 507.95660400390625
262.0 165.0 -426.0464207282208 -166.34562671359257 457.3690185546875
278.0 165.0 -123.50714980592343 -331.38763602126045 353.6548767089844
294.0 165.0 -14.838427599596121 -294.78964375849944 295.1628723144531
310.0 165.0 -228.79702888984835 -92.477770272769 246.77969360351562
326.0 165.0 -228.0735774426938 172.6244729053807 286.03631591796875
342.0 165.0 73.43459600808761 361.1067131324256 368.4978942871094
358.0 165.0 141.0507290304016 -588.746202599703 605.4067993164062
374.0 165.0 209.93677649344286 -309.12117289859094 373.67010498046875
390.0 165.0 85.35498422058463 -140.5377532150128 164.4272918701172
406.0 165.0 -117.71168456530695 -196.69894446088884 229.2302703857422
422.0 165.0 -81.573383993388 -18.284712330109304 83.5975341796875
438.0 165.0 48.61629588357641 193.73234929788148 199.73924255371094
454.0 165.0 64.70331666973154 68.7089363133869 94.37921905517578
470.0 165.0 130.84134029556756 -42.34887585586178 137.5241241455078
486.0 165.0 161.44878313275555 -134.44012879508503 210.09487915039062
502.0 165.0 -39.32278244208177 -246.907929431365 250.0196075439453
518.0 165.0 -272.02857404083124 -367.9572339939007 457.5937805175781
22.0 181.0 -195.89307736505225 153.5084208307161 248.87533569335938
38.0 181.0 -115.32038573696562 151.86602792192747 190.68844604492188
54.0 181.0 -134.6021965221405 198.89451856640085 240.159912109375
70.0 181.0 -233.76948665961393 163.32545068564144 285.17254638671875
86.0 181.0 -292.3696651761199 257.7151190400046 389.7397766113281
102.0 181.0 -130.63758798105425 380.72475267464915 402.5140075683594
118.0 181.0 80.26944452294042 362.414259151728 371.19708251953125
134.0 181.0 180.24881572698803 314.1725772493365 362.2071838378906
150.0 181.0 190.30690031695008 144.5400483446478 238.97393798828125
166.0 181.0 45.289261480751904 -205.5332568591809 210.4638671875
182.0 181.0 -82.58355493610424 -185.26139431123326 202.83448791503906
198.0 181.0 -263.6648421497441 -177.68135081405987 317.94622802734375
214.0 181.0 -359.16508381911393 -51.64983271366167 362.8598327636719
230.0 181.0 -383.96278702611585 259.18702500331796 463.2551574707031
246.0 181.0 -491.71715021505855 156.96959455492848 516.1639404296875
262.0 181.0 -218.670630703467 -89.13993211440707 236.14141845703125
278.0 181.0 41.07753995735854 -238.02287872455096 241.54141235351562
294.0 181.0 25.061601105891075 -248.09504002313582 249.35763549804688
310.0 181.0 -83.38131659533173 -240.04934278776273 254.11834716796875
326.0 181.0 86.04573239361898 -120.36198435983016 147.95565795898438
342.0 181.0 605.2777948257384 372.8029981123226 710.875
358.0 181.0 926.7663049921389 263.20657447205434 963.4176025390625
374.0 181.0 552.5044342948308 22.44195791132348 552.9600219726562
390.0 181.0 45.22006470165123 -116.34724236144481 124.82601928710938
406.0 181.0 -303.7396923039431 -217.6949973902098 373.6962890625
422.0 181.0 -123.61023620582193 191.55360050977058 227.97427368164062
438.0 181.0 233.9288783440637 546.5238783288509 594.48388671875
454.0 181.0 286.5336960928095 357.64797118249913 458.2724304199219
470.0 181.0 -31.379045919525392 -67.1145799055255 74.08786010742188
486.0 181.0 -101.3561309403129 -257.79224597021886 277.00164794921875
502.0 181.0 -215.9858688544212 -300.48568886664225 370.05615234375
518.0 181.0 -332.155403280592 -169.12853552606884 372.7353820800781
22.0 197.0 109.64544747675791 353.34247663801443 369.96356201171875
38.0 197.0 88.91824517782835 178.07620113324342 199.0416717529297
54.0 197.0 32.37575377160972 35.595895594223016 48.11711883544922
70.0 197.0 -20.487623723821546 -28.97755160288951 35.48860549926758
86.0 197.0 -259.8438525106102 292.12041411161545 390.96441650390625
102.0 197.0 -213.42373479584845 422.3973173760899 473.2538146972656
118.0 197.0 35.91975983239779 388.5092102622326 390.1661682128906
134.0 197.0 188.99574533088952 274.84884880665965 333.5585021972656
150.0 197.0 445.5031206753759 110.12366334131303 458.9120178222656
166.0 197.0 421.9985118413174 -86.65094746430644 430.8028869628906
182.0 197.0 23.265047381527534 -112.1471130037243 114.53487396240234
198.0 197.0 -499.1109732015125 -40.95180005956347 500.7881774902344
214.0 197.0 -680.2524819692576 207.73204278305383 711.263671875
230.0 197.0 -380.5196863808991 463.59475298345853 599.7626953125
246.0 197.0 -152.2745277379301 251.0382913896993 293.611572265625
262.0 197.0 100.21251515922344 71.77593220382326 123.26529693603516
278.0 197.0 253.22296327012327 55.07056508778461 259.1421203613281
294.0 197.0 167.7372106379858 -47.13942037368638 174.2351837158203
310.0 197.0 65.97441670314676 -193.0736608688455 204.0344696044922
326.0 197.0 260.19467987634897 -153.75534408706324 302.2283630371094
342.0 197.0 657.4534052401161 249.0781072203893 703.053955078125
358.0 197.0 828.7976911711679 554.1016962719278 996.9625244140625
374.0 197.0 383.8359409318822 246.96899067008252 456.4249267578125
390.0 197.0 -192.4153666534219 -130.57364516589394 232.53634643554688
406.0 197.0 -457.20095657429505 -351.1695803236979 576.50048828125
422.0 197.0 -173.36813553632345 77.68244575831856 189.97650146484375
438.0 197.0 272.5963018294406 593.0959870045272 652.7415771484375
454.0 197.0 404.97660892761246 557.4281458960224 689.0081176757812
470.0 197.0 141.61687878400357 11.658725974153628 142.09597778320312
486.0 197.0 -95.5844224486635 -301.94928371204077 316.7171630859375
502.0 197.0 -257.06163070007597 -318.72091401577563 409.46759033203125
518.0 197.0 -403.8751553106425 -147.95082726264863 430.12158203125
22.0 213.0 -216.11302240815232 307.7062590732275 376.01593017578125
38.0 213.0 183.4199866387753 370.3612498650738 413.2920837402344
54.0 213.0 343.94843099365187 179.55130069068375 387.9938049316406
70.0 213.0 220.40934283662074 -152.48113419926358 268.01263427734375
86.0 213.0 32.95355973527429 54.044539936506986 63.29888916015625
102.0 213.0 -318.87588549879507 68.89004099264483 326.2325439453125
118.0 213.0 -200.5873598960374 43.14391597890924 205.17477416992188
134.0 213.0 30.8192119152509 99.22333031192927 103.8994369506836
150.0 213.0 350.1052329454343 28.736901237984846 351.2826232910156
166.0 213.0 605.2145759901039 -57.65865172649713 607.9549560546875
182.0 213.0 350.38807121965937 -38.185517987607305 352.4626770019531
198.0 213.0 -611.6606008891351 100.49299228919722 619.8609008789062
214.0 213.0 -662.4412693940924 274.60754617812324 717.1036987304688
230.0 213.0 -108.55666436514332 269.168441717112 290.2347412109375
246.0 213.0 246.69595476591238 166.03425758364455 297.36553955078125
262.0 213.0 362.34717354828746 176.31535080944414 402.96722412109375
278.0 213.0 225.28187227025322 313.1035318929786 385.7275390625
294.0 213.0 -40.74051618113049 234.1473250907273 237.66522216796875
310.0 213.0 -103.76256830637189 30.34399674139391 108.10841369628906
326.0 213.0 119.31044288914782 6.367205294054943 119.48021697998047
342.0 213.0 301.6501364921771 318.9480445861615 438.9996032714844
358.0 213.0 97.7800130960857 515.135000644521 524.3328857421875
374.0 213.0 -381.833934095072 30.35665586066735 383.03875732421875
390.0 213.0 -527.2246020388993 -312.12927225658314 612.691162109375
406.0 213.0 -540.2470434037201 -587.9395462027361 798.4608764648438
422.0 213.0 -279.99678229903213 -247.41663116134575 373.6484680175781
438.0 213.0 93.35232062953239 251.74197966635782 268.49334716796875
454.0 213.0 226.821298533882 238.29153335318398 328.98443603515625
470.0 213.0 224.12962388873916 -39.775317029260705 227.6316375732422
486.0 213.0 109.45108327928693 -252.02345837451443 274.7641906738281
502.0 213.0 -113.88637260054458 -252.86594015344468 277.328857421875
518.0 213.0 -459.6568526984593 -223.87544099493664 511.2774658203125
22.0 229.0 -469.0864598132418 185.0158612870061 504.2548828125
38.0 229.0 187.32728147866874 431.160589252525 470.0967712402344
54.0 229.0 560.4392864220407 496.4202033944208 748.6823120117188
70.0 229.0 492.7735008757219 147.6630811460637 514.422119140625
86.0 229.0 326.28427729765434 30.215699365402177 327.68035888671875
102.0 229.0 125.21999765001304 -207.15227415424735 242.05807495117188
118.0 229.0 12.759929147018067 -336.3080860464418 336.550048828125
134.0 229.0 167.7046873494399 -215.76286049690862 273.27362060546875
150.0 229.0 407.46690662331883 -128.4123563726 427.2224426269531
166.0 229.0 603.337759296799 -106.78250602879456 612.7144165039062
182.0 229.0 493.55917380314116 -7.278484425403671 493.6128234863281
198.0 229.0 163.47176276376527 208.01834267928314 264.56500244140625
214.0 229.0 -41.08662571660978 275.577731537589 278.6237487792969
230.0 229.0 66.10893351978622 116.22484556278557 133.71090698242188
246.0 229.0 287.0083450063808 9.775543702911525 287.1747741699219
262.0 229.0 356.8965984650698 172.86244925517292 396.5559387207031
278.0 229.0 176.4240656619793 365.2888129123381 405.6616516113281
294.0 229.0 -157.84148470531605 271.441588561306 313.99755859375
310.0 229.0 -300.1432693955729 66.13102859021437 307.3423156738281
326.0 229.0 -186.2006838212568 90.18914467315444 206.89315795898438
342.0 229.0 -239.92204568806358 383.8265709649958 452.6427001953125
358.0 229.0 -485.349704941836 253.87756544307084 547.7391357421875
374.0 229.0 -566.0687436326351 -125.42984209717005 579.7986450195312
390.0 229.0 -408.48168074634475 -265.4024183957577 487.1300964355469
406.0 229.0 -470.9953960635514 -594.6948938191024 758.6162719726562
422.0 229.0 -274.19004214240704 -348.80815509227824 443.6747741699219
438.0 229.0 -6.802747411490288 123.57114497658314 123.75825500488281
454.0 229.0 132.12748687507747 65.2893392598186 147.37832641601562
470.0 229.0 245.56963913767004 -132.27217232518845 278.92718505859375
486.0 229.0 222.4736677707756 -295.59588046642716 369.96142578125
502.0 229.0 -58.88192590173147 -290.1095407968044 296.02471923828125
518.0 229.0 -555.4370546699131 -247.73904909411397 608.1817016601562
22.0 245.0 -365.7540013634904 -201.49465843975366 417.5836181640625
38.0 245.0 103.42722800281611 53.86723593263147 116.61419677734375
54.0 245.0 474.45464668693245 372.794849269371 603.39306640625
70.0 245.0 488.65720877131787 382.65720141304126 620.6548461914062
86.0 245.0 341.1808340010954 213.33549812497571 402.38836669921875
102.0 245.0 218.14120878194524 -61.01664542971069 226.51405334472656
118.0 245.0 128.3626039269134 -243.78076323202475 275.5104675292969
134.0 245.0 178.41496606524515 -386.340561138225 425.54779052734375
150.0 245.0 228.02407088960686 -312.07296534725384 386.5029296875
166.0 245.0 270.4361890806438 -124.51185356308034 297.722900390625
182.0 245.0 303.39723245115465 11.038359459183527 303.59796142578125
198.0 245.0 306.5135590943455 296.8525806780687 426.698974609375
214.0 245.0 162.84131968665932 473.63692307229593 500.8485107421875
230.0 245.0 62.439566125927094 138.20094745343152 151.65158081054688
246.0 245.0 9.189643659240094 -190.83161519695253 191.05274963378906
262.0 245.0 86.82900630000583 -164.20929262624014 185.75244140625
278.0 245.0 187.49935679691743 -7.543491143524941 187.6510467529297
294.0 245.0 128.85520378219687 30.807321767963785 132.48681640625
310.0 245.0 24.843276458361405 47.24542934467483 53.37901306152344
326.0 245.0 -87.57899779330072 53.01681115407866 102.37608337402344
342.0 245.0 -143.31403004084936 118.38717786545106 185.8882293701172
358.0 245.0 -342.51952607955025 44.422482760617186 345.3881530761719
374.0 245.0 -400.50767201556636 -227.24472985339585 460.4851379394531
390.0 245.0 58.79654686265239 56.39529864821033 81.47062683105469
406.0 245.0 -133.8785014962238 -252.90374887537686 286.15338134765625
422.0 245.0 -223.3263859239196 -177.76887541634068 285.4407958984375
438.0 245.0 38.18607991335768 86.2826952058152 94.35507202148438
454.0 245.0 296.9357999900304 13.290516947407765 297.23309326171875
470.0 245.0 235.6547830906119 -94.90194776920026 254.04637145996094
486.0 245.0 -72.9199819244213 -201.06734754520272 213.88174438476562
502.0 245.0 -362.4772901939332 -282.1691031562958 459.35736083984375
518.0 245.0 -576.0247095426976 -345.6367360517073 671.7657470703125
22.0 261.0 -102.66895905484694 -280.1195162069131 298.34185791015625
38.0 261.0 34.130061841215415 -214.9723516967588 217.66482543945312
54.0 261.0 154.44363500622498 100.1994999672213 184.09991455078125
70.0 261.0 171.45020664364907 337.43510749927805 378.493896484375
86.0 261.0 87.21125850663515 283.12005007405907 296.247802734375
102.0 261.0 187.34396445373318 291.58437516293316 346.5821838378906
118.0 261.0 133.48143489283024 76.68912961466665 153.94322204589844
134.0 261.0 91.22855865087192 -233.70526974195928 250.8800506591797
150.0 261.0 109.96369043505484 -248.560071848193 271.7979431152344
166.0 261.0 203.98393576330324 -54.9840892785197 211.26451110839844
182.0 261.0 329.6955255851846 94.49450025446608 342.96990966796875
198.0 261.0 446.1751021167098 404.1791698807487 602.0241088867188
214.0 261.0 313.07602107518295 561.9174642279843 643.2478637695312
230.0 261.0 180.11030971834847 72.29335600743852 194.0774383544922
246.0 261.0 19.91081018647659 -277.3892168307091 278.1029052734375
262.0 261.0 -135.45321248770395 -365.3222338065038 389.6253356933594
278.0 261.0 -244.98781983976804 -343.0567956250851 421.5530700683594
294.0 261.0 -36.2116858742669 -176.98696467518394 180.65345764160156
310.0 261.0 195.67524151179765 -86.80556843338174 214.0654296875
326.0 261.0 307.3347504529196 41.15307140851591 310.0777587890625
342.0 261.0 106.89423801178118 100.88031779501688 146.98033142089844
358.0 261.0 -109.90264920877152 26.452380198270408 113.0412368774414
374.0 261.0 -234.25462148122622 -63.30606118977984 242.657958984375
390.0 261.0 -93.42517950184231 245.24140193496444 262.43402099609375
406.0 261.0 -71.1568372941062 255.20057802759402 264.9351501464844
422.0 261.0 -136.2249988745209 57.89530910297833 148.0172882080078
438.0 261.0 34.34693882106058 56.35824691416208 65.99972534179688
454.0 261.0 141.8780638291675 89.56996633217804 167.78607177734375
470.0 261.0 -9.517046955486725 119.677295832964 120.05510711669922
486.0 261.0 -302.0087752726907 -21.100610615311844 302.7449951171875
502.0 261.0 -408.598481967018 -183.76267716480618 448.01947021484375
518.0 261.0 -343.90915232250813 -402.3250771742084 529.2815551757812
22.0 277.0 -96.6402423561528 -499.26492886224815 508.5320129394531
38.0 277.0 0.8954314634192877 -264.9099870234871 264.9114990234375
54.0 277.0 -46.39555736269934 -25.394999312976843 52.890960693359375
70.0 277.0 -158.57748260015322 302.39636100221566 341.4533386230469
86.0 277.0 -51.45087184723236 334.8211811490537 338.7512512207031
102.0 277.0 187.05552827173193 717.3171834511156 741.305419921875
118.0 277.0 375.94929813367366 406.26506289653446 553.5243530273438
134.0 277.0 173.52409774573897 -77.45534260112838 190.0261688232422
150.0 277.0 2.2933421654987867 -77.09491166721713 77.12901306152344
166.0 277.0 -6.549774817909421 37.34369676475492 37.913734436035156
182.0 277.0 78.84382694051781 169.52354485148683 186.96144104003906
198.0 277.0 155.7772889201978 275.8978944704314 316.83782958984375
214.0 277.0 121.534501573951 380.4879865740222 399.4267578125
230.0 277.0 -70.45474992033658 -61.79725987229743 93.7164535522461
246.0 277.0 -171.32046871824213 -281.1930628259335 329.27227783203125
262.0 277.0 -372.68046841638676 -279.1595971325594 465.6402282714844
278.0 277.0 -533.9668958329472 -226.9665935869033 580.2020874023438
294.0 277.0 -299.6330219603711 -260.47615249644855 397.0236511230469
310.0 277.0 45.900828786617545 -259.96331061189 263.9844970703125
326.0 277.0 232.7471817578241 -8.533305000379821 232.903564453125
342.0 277.0 369.1341858391454 351.46179105724826 509.6914978027344
358.0 277.0 182.0211051045045 183.38690096584037 258.38427734375
374.0 277.0 -101.25633041693277 138.17651230215705 171.30555725097656
390.0 277.0 -130.52509168774338 306.4325794776634 333.0731506347656
406.0 277.0 97.3626024522151 404.81519751078923 416.3590087890625
422.0 277.0 104.63930955214698 275.8652567949426 295.0440979003906
438.0 277.0 -58.05325294675616 162.61224193095515 172.6641845703125
454.0 277.0 -150.34783874460808 215.6401968908298 262.8786315917969
470.0 277.0 -216.49559981098747 243.1838299588845 325.5898132324219
486.0 277.0 -296.8870965140993 88.29975351879963 309.7398681640625
502.0 277.0 -189.31884735223792 -26.174157039638835 191.11962890625
518.0 277.0 72.31194671571595 -369.38382051410093 376.3952941894531
22.0 293.0 -15.951325140544787 105.84687392919992 107.04207611083984
38.0 293.0 28.702949340667562 -60.34268597947533 66.82139587402344
54.0 293.0 -78.4812440341873 -71.9992542930111 106.50445556640625
70.0 293.0 -107.26197664794404 0.7437595863107281 107.26455688476562
86.0 293.0 1.5190280995392174 248.28280215607086 248.28744506835938
102.0 293.0 87.90770952386445 600.7990895570721 607.1962890625
118.0 293.0 342.4550010274859 293.8054886307204 451.21734619140625
134.0 293.0 384.05288159539464 180.18187242988017 424.21942138671875
150.0 293.0 113.30195195619162 179.1500850092595 211.97189331054688
166.0 293.0 -350.52639620278876 90.42793019815221 362.0027160644531
182.0 293.0 -457.82464789490564 143.41247141989516 479.76092529296875
198.0 293.0 -479.2731866425238 114.06719833949778 492.6602478027344
214.0 293.0 -496.06076659567395 128.51566105208684 512.4378662109375
230.0 293.0 -568.8157145548089 -109.68514487344615 579.2945556640625
246.0 293.0 -644.4543047691043 -364.2015100762637 740.2459716796875
262.0 293.0 -578.4862364692044 -449.00680135611685 732.2932739257812
278.0 293.0 -292.5656637675495 -339.1781133870614 447.92462158203125
294.0 293.0 -159.982426424366 -331.4619579030265 368.0508117675781
310.0 293.0 -60.564980013414285 -292.77150728154174 298.9703674316406
326.0 293.0 72.99120855434946 -173.95097967397626 188.64427185058594
342.0 293.0 215.20007918527952 85.05093010474128 231.39735412597656
358.0 293.0 400.6710738993779 505.95371753210065 645.3886108398438
374.0 293.0 49.19116893527531 302.66268407050643 306.63409423828125
390.0 293.0 33.32424230183259 177.09933849808996 180.2073211669922
406.0 293.0 231.8135666147946 263.7509657375298 351.14398193359375
422.0 293.0 201.27491509522343 239.78118792907958 313.06005859375
438.0 293.0 -111.4589516308561 115.32411383532718 160.3831329345703
454.0 293.0 -274.97260532426515 266.67548433312464 383.0479736328125
470.0 293.0 -160.00053182428053 346.97398159690283 382.08782958984375
486.0 293.0 -23.521444147853426 119.67322547427896 121.96286010742188
502.0 293.0 297.30236109839666 -132.09328415044314 325.3265075683594
518.0 293.0 482.73243434132075 -369.33610325482647 607.8155517578125
22.0 309.0 -508.5677333157009 430.1241953514452 666.0690307617188
38.0 309.0 -0.7391641284104605 416.7978341604743 416.7984924316406
54.0 309.0 151.64960067006734 -283.80943464687186 321.7846984863281
70.0 309.0 69.92631239974243 -428.9996871916578 434.6612854003906
86.0 309.0 -39.92895360289257 -178.80436424607208 183.20840454101562
102.0 309.0 -95.870793589537 373.92284409239517 386.0174865722656
118.0 309.0 -55.45603467491405 79.71837951795139 97.1102066040039
134.0 309.0 177.47593236215926 286.1844570115805 336.748046875
150.0 309.0 227.73558753791826 340.0617425663638 409.27435302734375
166.0 309.0 -280.35085317157024 249.2216519770424 375.1106872558594
182.0 309.0 -782.59109258519 128.71798333722322 793.1060180664062
198.0 309.0 -936.7641377000884 -68.41216687344874 939.2589111328125
214.0 309.0 -711.0433918518563 -66.90069331328625 714.1837158203125
230.0 309.0 -523.9984683465464 -36.82351174513466 525.290771484375
246.0 309.0 -461.56690871147254 -295.8322062424179 548.2341918945312
262.0 309.0 -253.51144532400681 -462.4917599562979 527.4151000976562
278.0 309.0 -155.95900460813132 -368.9076038697373 400.51971435546875
294.0 309.0 -91.7203844541671 -228.79733399513836 246.49716186523438
310.0 309.0 20.667490980474977 -158.40974651309074 159.75228881835938
326.0 309.0 22.010727789936468 -186.69712590199876 187.99012756347656
342.0 309.0 -120.48121908210446 -2.9528950758147783 120.51740264892578
358.0 309.0 -185.92587894909698 459.3199477025852 495.523193359375
374.0 309.0 -55.10463269194459 379.8592703455786 383.8353576660156
390.0 309.0 135.4626030560123 11.565851189253756 135.95545959472656
406.0 309.0 302.2685347069393 141.06716031901954 333.5658874511719
422.0 309.0 161.40796390082355 45.78895392530845 167.77711486816406
438.0 309.0 -72.18500246222061 3.6090393101387805 72.2751693725586
454.0 309.0 -136.30379032217598 91.86685640465647 164.3722686767578
470.0 309.0 110.51063185996678 139.61022777006698 178.05508422851562
486.0 309.0 534.2581496403373 82.10064267976728 540.5296630859375
502.0 309.0 571.4191004222882 -82.70635901431237 577.3734741210938
518.0 309.0 -479.94038577042363 -238.3019722757103 535.845703125
