22.0 21.0 -83.29492997627162 255.5704241341738 268.80157470703125
38.0 21.0 -480.86198671935443 -233.6092899678337 534.6041259765625
54.0 21.0 -484.5148195229664 -409.07051450472466 634.1082763671875
70.0 21.0 -244.2996458331308 -380.7517080258515 452.38720703125
86.0 21.0 121.75061604294748 -288.20938319707875 312.870361328125
102.0 21.0 397.46854138180487 -100.26476186097149 409.9198303222656
118.0 21.0 378.2240498017706 -64.58492963094656 383.6986389160156
134.0 21.0 90.21721418494138 -280.5428696941084 294.6921081542969
150.0 21.0 -22.17321195470448 -820.7444937683455 821.0439453125
166.0 21.0 -7.8634658437830645 -737.6178891180207 737.6597900390625
182.0 21.0 -7.7306722522805735 -776.6281778971663 776.6666259765625
198.0 21.0 56.18349316984177 -133.31645735926116 144.67156982421875
214.0 21.0 104.07276545799554 93.14184898826939 139.66583251953125
230.0 21.0 -116.64231945287268 65.37036253942682 133.71131896972656
246.0 21.0 -390.50278131083365 7.2690672629096325 390.5704345703125
262.0 21.0 -357.5267847957045 -53.904560777698826 361.56756591796875
278.0 21.0 -90.5138611014683 57.69401865768884 107.33759307861328
294.0 21.0 116.94399786850283 105.44375401432578 157.46200561523438
310.0 21.0 132.70934483142565 84.18585558797218 157.15924072265625
326.0 21.0 63.809642172546724 56.602856965311084 85.29685974121094
342.0 21.0 239.27092701595984 5.097837200984294 239.32522583007812
358.0 21.0 437.25496659180556 137.80998372365116 458.4577331542969
374.0 21.0 373.91541442736843 104.71364349450891 388.301025390625
390.0 21.0 250.54476747019964 -40.02231252342687 253.7212371826172
406.0 21.0 353.4565257643166 -243.65633278881288 429.3016662597656
422.0 21.0 506.47771938781136 -277.0688614472693 577.3099975585938
438.0 21.0 493.9964196790297 -236.70862183481978 547.7804565429688
454.0 21.0 432.4082064223957 -371.35169296710274 569.9815063476562
470.0 21.0 277.76454287671345 -268.8691754055052 386.57958984375
486.0 21.0 122.95437520646406 -139.6633880095472 186.07427978515625
502.0 21.0 205.84066496858148 -152.9802716068871 256.463134765625
518.0 21.0 302.8120918895504 -61.43183650120791 308.9806213378906
22.0 37.0 -83.95898038613986 2.9329766355061793 84.01019287109375
38.0 37.0 -97.12866287887665 -334.4759339277316 348.29315185546875
54.0 37.0 -259.81175558417823 -390.99073266577705 469.4421081542969
70.0 37.0 -389.8923022779349 -309.014552201022 497.499755859375
86.0 37.0 -160.31668025183282 -323.8647943111761 361.3721618652344
102.0 37.0 -38.1456576179816 -154.78862949969272 159.4196014404297
118.0 37.0 -71.79160972494213 -27.71880598461659 76.95691680908203
134.0 37.0 14.57118995941943 -23.7915929180302 27.899093627929688
150.0 37.0 -65.68371348015424 -563.8471642527843 567.6600952148438
166.0 37.0 -74.21845183098746 -733.5470003418304 737.2920532226562
182.0 37.0 -104.90973194514783 -732.0827489771285 739.5615234375
198.0 37.0 217.36214101752287 -398.12018944529586 453.5923156738281
214.0 37.0 328.10637610484713 -150.55657369523985 361.0000915527344
230.0 37.0 -14.33814797104104 -20.732459446504148 25.207487106323242
246.0 37.0 -156.72331806787 -50.603419150277475 164.69032287597656
262.0 37.0 -109.98311213243916 0.5103121590898234 109.98429870605469
278.0 37.0 -65.42288180802872 145.43941837948577 159.47657775878906
294.0 37.0 31.68863576720787 125.67641264022798 129.6099090576172
310.0 37.0 43.18414582672927 207.92036104716001 212.3575897216797
326.0 37.0 -33.340605806598745 224.66500400150045 227.12542724609375
342.0 37.0 108.86311311187295 112.08040036774825 156.24722290039062
358.0 37.0 337.1673028406038 179.2606099052959 381.85882568359375
374.0 37.0 373.97212092268484 118.27514813935097 392.229736328125
390.0 37.0 278.8980813664216 -104.35873566555127 297.7832946777344
406.0 37.0 204.5717512633644 -353.47109036123703 408.4010314941406
422.0 37.0 150.21558366230227 -311.30796455155297 345.6549987792969
438.0 37.0 73.84655625113064 -256.6381810442937 267.0514221191406
454.0 37.0 63.277810898870264 -300.161783092916 306.7591552734375
470.0 37.0 45.26737606002075 -235.90841972995938 240.2122344970703
486.0 37.0 -15.521528242581743 -203.67153470581258 204.26211547851562
502.0 37.0 -25.59660402177956 -273.1193037367349 274.3161315917969
518.0 37.0 -24.01382360820808 -128.70486160652612 130.9259490966797
22.0 53.0 78.6961594230968 -166.13877648556158 183.83465576171875
38.0 53.0 360.9998225200567 -103.37717836008096 375.50994873046875
54.0 53.0 90.12912050871836 -51.512178162273884 103.81118774414062
70.0 53.0 -247.1856347538132 -21.27460469213819 248.09947204589844
86.0 53.0 -155.7266177276535 -70.70776467154361 171.0273895263672
102.0 53.0 -76.6021859862431 22.942535025694124 79.96408081054688
118.0 53.0 -89.18785869975248 58.87025973402714 106.86524963378906
134.0 53.0 30.57912500868918 202.7760092787461 205.06875610351562
150.0 53.0 148.5163212748228 129.35194153964747 196.9492950439453
166.0 53.0 121.43472726646462 -320.54600756751967 342.777099609375
182.0 53.0 113.2971707159251 -704.0503225433328 713.1080322265625
198.0 53.0 494.1001099317094 -572.9532236341926 756.5780029296875
214.0 53.0 332.26442717207146 -180.08574300160646 377.92926025390625
230.0 53.0 -109.89155012079584 53.31799550387594 122.14320373535156
246.0 53.0 -98.08627619673605 66.33219695172133 118.4097900390625
262.0 53.0 -129.5875571183216 80.3137455390834 152.4573211669922
278.0 53.0 -157.76898365798203 120.42039852921891 198.4744873046875
294.0 53.0 -58.444643935617364 112.90545096888258 127.13542938232422
310.0 53.0 -3.6642681682572844 242.72979117832244 242.7574462890625
326.0 53.0 -12.07661160287942 226.9594670519144 227.28054809570312
342.0 53.0 18.159469630055774 60.04673124589489 62.73257827758789
358.0 53.0 115.36278157486491 99.64421868662315 152.4386444091797
374.0 53.0 207.8073236202603 71.79778739499696 219.8608856201172
390.0 53.0 173.50273406639988 -32.25311554448863 176.47509765625
406.0 53.0 62.29783514999867 -99.57749286504335 117.45934295654297
422.0 53.0 -84.01180278894614 -195.85198236806065 213.11026000976562
438.0 53.0 -197.89244046746464 -275.41015116894596 339.1344299316406
454.0 53.0 -287.31365650634274 -290.66761147004223 408.70135498046875
470.0 53.0 -133.19830810946078 -189.4519089870401 231.58975219726562
486.0 53.0 -39.97887807962583 -145.0401997751753 150.44923400878906
502.0 53.0 -71.11962828532563 -186.28383368498777 199.3982696533203
518.0 53.0 -73.99390487372239 -248.82946358163778 259.59814453125
22.0 69.0 138.26859169821472 -290.5780720002505 321.79779052734375
38.0 69.0 491.9764741692707 -19.06151628979335 492.3456115722656
54.0 69.0 446.017070454445 160.90214103441352 474.15264892578125
70.0 69.0 155.14012231686343 198.4651508344323 251.90647888183594
86.0 69.0 35.825640887385255 248.012857764933 250.58702087402344
102.0 69.0 13.544694900895951 218.8696257397341 219.288330078125
118.0 69.0 95.61793299341466 105.4180535990165 142.3227081298828
134.0 69.0 179.63656271090957 314.74278031925064 362.39801025390625
150.0 69.0 252.247825362423 353.4758031402404 434.2511901855469
166.0 69.0 211.92391216296676 -60.07910112382145 220.27537536621094
182.0 69.0 156.87091548619222 -553.2723067078292 575.0814819335938
198.0 69.0 275.49139424316934 -492.8294119553575 564.6028442382812
214.0 69.0 18.634042022651197 -124.16124087733762 125.55175018310547
230.0 69.0 -315.0794165161846 20.139047996676318 315.7223815917969
246.0 69.0 -168.43165551426713 120.27771055908434 206.96847534179688
262.0 69.0 -70.37093176127492 63.47922616413254 94.771728515625
278.0 69.0 -83.93864645698753 35.32382505799455 91.0684814453125
294.0 69.0 -31.259140259005747 143.49457044636307 146.85987854003906
310.0 69.0 -11.32781270319247 225.2591777910244 225.5438232421875
326.0 69.0 20.44580913263596 51.34674123873844 55.267704010009766
342.0 69.0 4.077456589564743 -151.30335155888721 151.3582763671875
358.0 69.0 57.48717639234777 -152.2992267883538 162.78768920898438
374.0 69.0 112.72153329290055 -13.72233980543792 113.55371856689453
390.0 69.0 29.721943855168846 47.76851572173956 56.26033401489258
406.0 69.0 -35.82558970522599 56.98049244375378 67.30712890625
422.0 69.0 -48.88881804411 -24.44121168234405 54.65793228149414
438.0 69.0 -133.5582678556708 -65.43524072656488 148.72653198242188
454.0 69.0 -376.06876518536654 -57.43911830580547 380.42999267578125
470.0 69.0 -392.02808339072914 -1.3672762569761192 392.03045654296875
486.0 69.0 -249.29591817604387 23.91746019646545 250.44061279296875
502.0 69.0 -130.95034548805242 -64.66488425699116 146.04635620117188
518.0 69.0 -49.7774679073017 -238.89323051184437 244.0241241455078
22.0 85.0 -43.680924291326356 -412.4522126097197 414.7587890625
38.0 85.0 276.22432200244685 -50.07303412021122 280.7261657714844
54.0 85.0 380.11701317360365 248.66345916455725 454.2273254394531
70.0 85.0 243.91198008053985 314.99789447584016 398.3926696777344
86.0 85.0 145.34962791425482 409.4433738475095 434.4771423339844
102.0 85.0 182.46155119199523 353.75383789688516 398.0376892089844
118.0 85.0 338.07430711402674 96.2919391636286 351.52008056640625
134.0 85.0 440.67519315971583 376.577734742877 579.6597290039062
150.0 85.0 341.7099747615979 419.06089466151127 540.7196655273438
166.0 85.0 190.4277374003853 33.74305979221672 193.39419555664062
182.0 85.0 23.116492546703487 -237.31561109215528 238.43882751464844
198.0 85.0 -20.83289162107237 -282.6707671692858 283.4374084472656
214.0 85.0 -6.432826020477621 -184.60213693556219 184.7141876220703
230.0 85.0 -65.41708194300159 -103.15814804832992 122.15153503417969
246.0 85.0 -10.95176688157146 -11.753649317351679 16.065162658691406
262.0 85.0 -29.320602785168422 -55.70239852327695 62.94803237915039
278.0 85.0 -90.82547090477875 -76.9687162565133 119.05229949951172
294.0 85.0 -15.833464799322263 157.68555038311914 158.47848510742188
310.0 85.0 95.40422004525051 192.4572941160832 214.80636596679688
326.0 85.0 100.21137847814332 -60.05916976090145 116.83074951171875
342.0 85.0 12.44016722359665 -220.34358115915575 220.69447326660156
358.0 85.0 3.007343371116258 -293.0548819378136 293.0703125
374.0 85.0 -78.59186950935123 -47.84525021162419 92.01005554199219
390.0 85.0 -165.76328415423038 109.68126686366134 198.76480102539062
406.0 85.0 -115.91476916792975 141.09744086573028 182.60537719726562
422.0 85.0 -6.809097915157975 164.58096095036632 164.7217559814453
438.0 85.0 43.38133358484449 84.3835892564545 94.88166809082031
454.0 85.0 -79.59820873342356 88.32642080760273 118.90093231201172
470.0 85.0 -284.6034623191527 211.46590868225346 354.5658874511719
486.0 85.0 -311.4400609570376 222.91720781679965 382.99737548828125
502.0 85.0 -198.20612128711463 57.84035993399518 206.47317504882812
518.0 85.0 -101.43227461795816 -172.03968431555356 199.71519470214844
22.0 101.0 17.723220238135724 -365.634777982747 366.0640563964844
38.0 101.0 204.85629980531183 -86.6816734916817 222.4405975341797
54.0 101.0 234.33654820511669 223.096193751172 323.5514221191406
70.0 101.0 251.47066872475193 281.9980708448225 377.83648681640625
86.0 101.0 373.65626595125286 283.27188922204357 468.8944091796875
102.0 101.0 527.4424185848869 352.97268053717926 634.6536254882812
118.0 101.0 344.23760945187036 96.76017954531619 357.57806396484375
134.0 101.0 126.79991358173494 89.629018206117 155.27903747558594
150.0 101.0 142.72248751583015 318.9016510302554 349.38226318359375
166.0 101.0 53.41324327172788 60.41439608371147 80.64039611816406
182.0 101.0 -21.554375941872784 -137.47537865843026 139.15484619140625
198.0 101.0 60.25691684544373 -216.82073544284896 225.03805541992188
214.0 101.0 78.55229750829949 -155.71978301810256 174.4107666015625
230.0 101.0 0.2770844611132265 -32.65285249249171 32.654029846191406
246.0 101.0 -39.13257208614006 47.83868827033313 61.80532455444336
262.0 101.0 -130.98901487267435 -80.70701762227863 153.8562469482422
278.0 101.0 -191.15505609141707 -118.14152158306008 224.7168731689453
294.0 101.0 -72.14747205271468 109.16190651721018 130.84945678710938
310.0 101.0 107.79761601464911 96.34569332167143 144.57806396484375
326.0 101.0 124.84711201110932 -13.566191390514419 125.58201599121094
342.0 101.0 12.457659287347795 -148.1675123063827 148.69029235839844
358.0 101.0 -49.04945422728814 -235.28206842714835 240.3403778076172
374.0 101.0 -200.4257693767389 58.76666245108506 208.86361694335938
390.0 101.0 -288.1368695785851 102.66785298999275 305.881591796875
406.0 101.0 -130.85148408089088 -17.252818820657396 131.98397827148438
422.0 101.0 -21.83552988964225 -19.096057239207322 29.007753372192383
438.0 101.0 68.20808180158996 -86.45494283978307 110.12174987792969
454.0 101.0 1.9702244175153905 -70.56577207902684 70.59326934814453
470.0 101.0 -221.96521102426163 226.0521872099804 316.809326171875
486.0 101.0 -195.49901048468004 341.7774319428824 393.7406311035156
502.0 101.0 -83.09680901781647 134.4124425942322 158.02462768554688
518.0 101.0 -59.37380149594489 -15.294016592240004 61.31195068359375
22.0 117.0 125.58527685018409 -333.8479225267817 356.68768310546875
38.0 117.0 262.1160143787455 87.92701153637155 276.4705505371094
54.0 117.0 227.53131689091686 237.2365705835308 328.712158203125
70.0 117.0 359.8193100040658 205.46970878897665 414.3522033691406
86.0 117.0 583.6568479041655 242.33705523827157 631.9672241210938
102.0 117.0 612.9163592394921 366.2675089144778 714.015625
118.0 117.0 174.9359301822604 201.57096867753935 266.89593505859375
134.0 117.0 -116.96995401569608 116.27205331944502 164.92774963378906
150.0 117.0 -131.16463640142732 210.38662666494687 247.92477416992188
166.0 117.0 -194.68673139580886 64.41918509034079 205.06768798828125
182.0 117.0 -160.9626879341797 -322.9053574645836 360.80029296875
198.0 117.0 56.03642788002936 -243.4973555792849 249.86204528808594
214.0 117.0 57.52763314046502 -39.05701579472776 69.53329467773438
230.0 117.0 83.09891596604642 27.116394012170566 87.41126251220703
246.0 117.0 81.89998336210625 58.870167136452984 100.86280059814453
262.0 117.0 10.290744574655216 -88.26227685246492 88.86016845703125
278.0 117.0 -75.6229917670773 -111.74873523522317 134.93190002441406
294.0 117.0 -68.26938887274959 66.20457365948621 95.0986557006836
310.0 117.0 -85.51686030292548 91.40282711286262 125.17032623291016
326.0 117.0 -191.24001009246822 166.97265289551345 253.87518310546875
342.0 117.0 -218.94986785089694 50.589438691645626 224.71835327148438
358.0 117.0 -188.754120081559 -225.51931331373316 294.08685302734375
374.0 117.0 -56.94205291460745 26.47950857778417 62.79778289794922
390.0 117.0 -11.143628648117915 119.53974064590184 120.05802917480469
406.0 117.0 19.304377984510328 -96.36188326645106 98.27650451660156
422.0 117.0 110.87428014958027 -209.6142288165535 237.13125610351562
438.0 117.0 186.187193784377 -162.5161397466313 247.13795471191406
454.0 117.0 52.69940813339269 -124.73353238510705 135.40931701660156
470.0 117.0 -127.42724598924336 3.084960928997828 127.46458435058594
486.0 117.0 -65.80320396361228 170.120997569114 182.40399169921875
502.0 117.0 63.062935928802666 151.16675186394022 163.7935333251953
518.0 117.0 -8.869996008049432 90.60300014233462 91.03614807128906
22.0 133.0 44.96645545510251 -232.96135534517316 237.26141357421875
38.0 133.0 123.63368860116225 336.56560143674545 358.55499267578125
54.0 133.0 132.50489256526626 309.10462754364414 336.3082275390625
70.0 133.0 173.64897335835423 132.8665763841729 218.6492462158203
86.0 133.0 435.43334026017783 352.27675016826015 560.0902709960938
102.0 133.0 302.2275278707187 405.490678922684 505.7313232421875
118.0 133.0 -20.793658086154327 130.48513077867818 132.1315460205078
134.0 133.0 -171.0686652385886 37.74258274088521 175.1827392578125
150.0 133.0 -237.82069935221307 22.95481346566479 238.9259490966797
166.0 133.0 -236.91299521143455 -206.69904718803568 314.4078063964844
182.0 133.0 -303.80153904621125 -599.9898693001956 672.5200805664062
198.0 133.0 -205.83377439132366 -249.68010326081543 323.585693359375
214.0 133.0 44.841988397817055 -70.04978672779622 83.17317199707031
230.0 133.0 193.10062789156746 -9.090014708783166 193.31446838378906
246.0 133.0 259.494509287327 34.66109194705223 261.79913330078125
262.0 133.0 268.32406581064987 -104.36798925136686 287.9070739746094
278.0 133.0 186.63518876677048 -62.48821650535638 196.81837463378906
294.0 133.0 -43.44931826537378 70.40997841400497 82.73698425292969
310.0 133.0 -272.52013349782476 113.04603376190143 295.0366516113281
326.0 133.0 -379.6380416944987 251.19202991859885 455.2169494628906
342.0 133.0 -360.71391891579486 163.0677998169375 395.8606262207031
358.0 133.0 -284.3427516156778 -276.1169419988701 396.3475341796875
374.0 133.0 -96.54810530994946 -133.85144706934503 165.0386199951172
390.0 133.0 -36.84422385350345 50.04693172410759 62.14653778076172
406.0 133.0 42.34539070868035 -27.28402342441122 50.37409973144531
422.0 133.0 164.69547761217476 -186.74174062961245 248.99212646484375
438.0 133.0 249.9864950987255 -137.28420306736845 285.2020263671875
454.0 133.0 192.52883861203813 -132.991994594641 233.99620056152344
470.0 133.0 13.279831878903487 -239.04784335077696 239.4164276123047
486.0 133.0 -61.59851121030859 -83.56315726632863 103.81318664550781
502.0 133.0 -81.32227561863813 31.6944230501918 87.28028869628906
518.0 133.0 -42.895396332440065 102.02544295319755 110.67613220214844
22.0 149.0 292.3751074318195 -194.17344909642398 350.9794006347656
38.0 149.0 52.0350254405532 342.1796253851416 346.11346435546875
54.0 149.0 -145.09697743290408 332.08162227476726 362.39666748046875
70.0 149.0 -252.65182198713543 47.5139044775901 257.08074951171875
86.0 149.0 -231.05546868187693 133.90577330802338 267.05316162109375
102.0 149.0 -228.32694677179612 135.9870131748667 265.7548828125
118.0 149.0 -290.8816539308545 -52.75926614307229 295.6275939941406
134.0 149.0 -311.780723556217 -132.1223146532538 338.6200256347656
150.0 149.0 -423.96196884975865 -424.5667054740101 600.0005493164062
166.0 149.0 -298.95304739143774 -487.6371806113137 571.9815673828125
182.0 149.0 -295.43184525601725 -354.9934633922283 461.844482421875
198.0 149.0 -109.57847656887569 -175.95549500039814 207.28671264648438
214.0 149.0 125.7768039605064 -112.18404827235453 168.53802490234375
230.0 149.0 126.42372509320528 -45.20530152640355 134.26272583007812
246.0 149.0 171.16718116844808 -50.323847472029954 178.41159057617188
262.0 149.0 211.81532090405136 -112.86218907237307 240.00750732421875
278.0 149.0 133.4641461318145 51.06999817367697 142.9014434814453
294.0 149.0 -202.23392153095742 155.79155180582188 255.28330993652344
310.0 149.0 -493.1330229712642 85.2027297107645 500.4394836425781
326.0 149.0 -412.81057433506686 228.2225221735766 471.697021484375
342.0 149.0 -366.4058113935944 100.76200602242629 380.0081481933594
358.0 149.0 -192.61715785758554 -339.17929155258315 390.0563659667969
374.0 149.0 -29.130671313793847 -210.59926934115427 212.6044464111328
390.0 149.0 -50.271757326791324 -81.78775420799668 96.00253295898438
406.0 149.0 79.41805244613425 -77.29937565963937 110.82608032226562
422.0 149.0 196.30039843083645 -138.9190199665856 240.48355102539062
438.0 149.0 184.03552963201554 -186.44625638068277 261.9757385253906
454.0 149.0 153.93553461084514 -146.69811079716163 212.6416778564453
470.0 149.0 68.62754146787586 -207.25031435395704 218.31727600097656
486.0 149.0 -90.76234532583162 -164.49659565611867 187.87478637695312
502.0 149.0 -127.22425794868951 -96.60413685991362 159.7447052001953
518.0 149.0 4.319408966667891 -0.4334867737297827 4.341106414794922
22.0 165.0 677.3558454921398 -51.13024263194601 679.2828979492188
38.0 165.0 226.6596041938927 319.4548365976133 391.6962585449219
54.0 165.0 -76.12775333219437 255.18395522622103 266.29736328125
70.0 165.0 -149.64249568183203 85.0027217364163 172.09979248046875
86.0 165.0 -287.5811216499063 49.031921187616895 291.7310791015625
102.0 165.0 -441.40857894603806 -59.49559362131445 445.4001159667969
118.0 165.0 -133.1756194513255 -57.31896778370506 144.98692321777344
134.0 165.0 209.02217358275885 -55.485964139669704 216.26132202148438
150.0 165.0 26.85962790950256 -399.56418770237326 400.4659423828125
166.0 165.0 -220.81283224528357 -400.8720828385715 457.6644287109375
182.0 165.0 -231.90247410617033 -280.4659987013722 363.9229736328125
198.0 165.0 184.1944065162736 -112.6264639468431 215.89881896972656
214.0 165.0 245.12437882913906 -27.347482200889566 246.6451873779297
230.0 165.0 38.06422969937891 -61.969357411649376 72.72610473632812
246.0 165.0 -134.58232456113103 -95.6065690377835 165.0848846435547
262.0 165.0 -159.79622636727493 -54.86555531962127 168.95285034179688
278.0 165.0 -57.75739631360363 123.01541470324565 135.89962768554688
294.0 165.0 -94.60447423576096 253.75863010198935 270.8199462890625
310.0 165.0 -366.4669335808181 75.94371654162919 374.2532043457031
326.0 165.0 -364.77796091403883 166.41102002266018 400.943359375
342.0 165.0 -190.52304618029092 113.67062475411818 221.8559112548828
358.0 165.0 43.114319536618446 -152.10937918224428 158.10157775878906
374.0 165.0 129.84101105931845 -209.96431246093738 246.86778259277344
390.0 165.0 142.29115759216853 -260.26016529133244 296.6178283691406
406.0 165.0 169.45143573145336 -170.14939990262627 240.1345672607422
422.0 165.0 135.69893344376922 -135.8739286237203 192.0310516357422
438.0 165.0 74.23547615422822 -126.55612699975914 146.7220458984375
454.0 165.0 33.10069370821018 -83.59371718847494 89.90865325927734
470.0 165.0 -0.8218132029485481 -126.7638556459049 126.76651763916016
486.0 165.0 -57.641180688144345 -170.0692715278866 179.57188415527344
502.0 165.0 -174.80720892887166 -246.69575801221032 302.35137939453125
518.0 165.0 -99.29089267486087 -154.92349512503478 184.0107879638672
22.0 181.0 631.3832728165514 299.2588787756495 698.713623046875
38.0 181.0 314.1870036138584 329.5100194165179 455.2914733886719
54.0 181.0 32.0377691006756 167.72069811599212 170.75318908691406
70.0 181.0 -125.30829035506777 59.69131291188736 138.79920959472656
86.0 181.0 -300.1067111189763 -33.23191466968526 301.9410400390625
102.0 181.0 -419.20235152563515 -37.59295144683611 420.88458251953125
118.0 181.0 17.747128905053625 17.08677808869803 24.635717391967773
134.0 181.0 553.0717686461973 -80.75030455083443 558.9356079101562
150.0 181.0 652.2425719981559 -271.67209085538 706.559326171875
166.0 181.0 -42.41852898449438 -72.23627627687851 83.76998901367188
182.0 181.0 -453.05717153628535 -6.806794130629058 453.1083068847656
198.0 181.0 -380.72284327372927 -47.07645706852498 383.622314453125
214.0 181.0 21.618971132518972 -2.7181089092341817 21.789173126220703
230.0 181.0 9.388843988211041 -50.0454579055807 50.91854476928711
246.0 181.0 -203.83528424449733 -75.56283700422368 217.39035034179688
262.0 181.0 -117.05907865365641 -76.98549777254387 140.10565185546875
278.0 181.0 68.56055150084514 17.0832470743888 70.65682220458984
294.0 181.0 169.39313799647707 212.08241008939265 271.42767333984375
310.0 181.0 8.961780454732146 76.12444581249339 76.650146484375
326.0 181.0 -84.31706835787494 87.63011873166072 121.60758972167969
342.0 181.0 98.2791710499626 148.51688910762005 178.0900421142578
358.0 181.0 328.8192195220834 117.5202853985088 349.189208984375
374.0 181.0 308.06518203958757 -40.56201517384688 310.72406005859375
390.0 181.0 -18.184863193759323 -343.5529841775382 344.033935546875
406.0 181.0 -22.691685404081586 -207.01003888684932 208.25001525878906
422.0 181.0 -56.79417639523473 -153.2515016444948 163.4368438720703
438.0 181.0 -83.10660619184272 -79.46961644329349 114.98751068115234
454.0 181.0 20.859722577121453 57.12921228715152 60.81837463378906
470.0 181.0 51.02526551070852 -36.75741094492845 62.886287689208984
486.0 181.0 90.00475329625534 -213.23671871796884 231.4535675048828
502.0 181.0 -170.64144046813797 -298.4417032081719 343.7818298339844
518.0 181.0 -363.92649669046676 -337.6849293022332 496.4610900878906
22.0 197.0 175.57214686653768 83.92535140675814 194.59970092773438
38.0 197.0 237.47971571691753 294.6010595372952 378.3997802734375
54.0 197.0 67.05782246059863 289.1212081936331 296.7959289550781
70.0 197.0 -93.24580564925054 190.26782380628862 211.88824462890625
86.0 197.0 -287.3573956258072 37.53534358024343 289.7984924316406
102.0 197.0 -368.78829951779124 100.12813581888413 382.1393127441406
118.0 197.0 -43.000479018099476 72.70538479201977 84.4696044921875
134.0 197.0 337.48553958702433 -188.08994118661718 386.3603515625
150.0 197.0 533.4584484492286 -196.7752688161441 568.5933837890625
166.0 197.0 -202.08727537245898 354.7510830610906 408.27392578125
182.0 197.0 -617.6845511491609 333.809793090811 702.1133422851562
198.0 197.0 -614.4377711859973 113.49142908778165 624.8312377929688
214.0 197.0 -90.47595177628487 -2.4679303138618107 90.50960540771484
230.0 197.0 109.03041641731842 41.626199585802226 116.70635223388672
246.0 197.0 46.77703278038355 42.83543080350833 63.42684555053711
262.0 197.0 39.12450655993398 -44.14005480335644 58.9836540222168
278.0 197.0 66.08087194261043 -31.246118870842054 73.09584045410156
294.0 197.0 84.95718086648827 103.21828747262585 133.68521118164062
310.0 197.0 -25.99679599723554 66.29121840138446 71.20645141601562
326.0 197.0 0.18155536118523452 20.94469463489975 20.94548225402832
342.0 197.0 139.57389325164542 76.99368212559837 159.4016876220703
358.0 197.0 270.78617954073206 141.9281793509569 305.72662353515625
374.0 197.0 225.4445124760835 85.61742337359841 241.1546630859375
390.0 197.0 -118.46944513976821 -204.52519366532474 236.35897827148438
406.0 197.0 -197.0839618315111 -251.43552610996542 319.4713134765625
422.0 197.0 -147.3799186745893 -111.77013125770367 184.96865844726562
438.0 197.0 -90.95731812026068 20.494438467464246 93.23763275146484
454.0 197.0 98.3058386333354 155.51858171017756 183.98387145996094
470.0 197.0 314.1175492409134 104.12735971300492 330.9264831542969
486.0 197.0 352.2574737456281 -163.26239367686748 388.2524108886719
502.0 197.0 -129.13577565627537 -279.62630300297 308.0047302246094
518.0 197.0 -535.2303804092157 -506.5715019428412 736.94384765625
22.0 213.0 -442.9673005944832 -531.2930060125119 691.7313842773438
38.0 213.0 -210.87302847094566 211.94397524075472 298.97772216796875
54.0 213.0 -113.07678903775307 593.562689565405 604.237548828125
70.0 213.0 -79.33011282490706 433.82255710888774 441.01617431640625
86.0 213.0 -74.30155223962441 237.3536991047904 248.71168518066406
102.0 213.0 -63.888312282954566 248.91878637208512 256.9869079589844
118.0 213.0 27.855846509535358 48.20631333674305 55.675819396972656
134.0 213.0 182.107656045125 -238.12240315856212 299.7757263183594
150.0 213.0 224.72867297091503 -173.5573076746865 283.94561767578125
166.0 213.0 -7.3372839691299925 136.65839468724846 136.855224609375
182.0 213.0 -315.23615902453275 323.6442447669584 451.7957763671875
198.0 213.0 -270.6016893227043 106.27128974476616 290.7212829589844
214.0 213.0 133.8943302691669 -38.406438587990145 139.2937469482422
230.0 213.0 287.74842838370245 198.8418946273111 349.7674255371094
246.0 213.0 330.14346811394205 222.99961242126332 398.4012145996094
262.0 213.0 140.40767844123914 21.29245095689474 142.01296997070312
278.0 213.0 2.9011731305307107 -52.061376094907764 52.142147064208984
294.0 213.0 -37.320289770646 26.79553040917089 45.9434928894043
310.0 213.0 -186.74644239305255 58.73718770981994 195.7659149169922
326.0 213.0 -240.44443141486045 11.46461720268589 240.7176055908203
342.0 213.0 -86.46584734582775 55.64492692617237 102.82363891601562
358.0 213.0 15.093987641028672 71.13692836260587 72.72063446044922
374.0 213.0 -22.21149777728791 35.223121627368975 41.64155197143555
390.0 213.0 -171.29645770053295 -78.41425009157774 188.39126586914062
406.0 213.0 -295.1552999618788 -247.9115981264725 385.4566345214844
422.0 213.0 -201.04068594931658 -141.15262210645716 245.64491271972656
438.0 213.0 73.79891608424093 99.07913775923676 123.5433349609375
454.0 213.0 325.1281575727954 322.0685469424158 457.6423034667969
470.0 213.0 502.4396819823188 196.20452465431012 539.3902587890625
486.0 213.0 634.3232469963192 -42.52068363998704 635.746826171875
502.0 213.0 22.619608714065297 -99.79676554389512 102.3281021118164
518.0 213.0 -750.5917540520744 -518.1018261776014 912.040283203125
22.0 229.0 -808.5843009347522 -599.1272782482223 1006.3607788085938
38.0 229.0 -661.5762124757264 247.5947538443443 706.3895874023438
54.0 229.0 -205.600400065564 474.2912304041444 516.9368286132812
70.0 229.0 103.6873591218664 792.6250875281518 799.3782348632812
86.0 229.0 81.74914475795298 323.60341205960225 333.76953125
102.0 229.0 71.3553848115724 132.1858678327737 150.2154998779297
118.0 229.0 143.14227434929396 -42.94512355086052 149.44561767578125
134.0 229.0 305.99380367235426 -194.64163299008948 362.65350341796875
150.0 229.0 733.5136877123908 -286.61608421904816 787.5221557617188
166.0 229.0 559.1780888486476 -188.10609547086264 589.9695434570312
182.0 229.0 149.7196603661717 76.97406636574111 168.34780883789062
198.0 229.0 85.32960114456516 93.39164162907834 126.5035171508789
214.0 229.0 119.07082442638578 45.47998626454608 127.4609375
230.0 229.0 210.1031258506661 210.98562373515702 297.75537109375
246.0 229.0 240.4829926022744 199.24640713959445 312.29986572265625
262.0 229.0 171.7651838420928 -40.42848177124787 176.45889282226562
278.0 229.0 -27.50753701434584 -79.4918943688694 84.11673736572266
294.0 229.0 -209.2286233983723 21.941289386520054 210.37594604492188
310.0 229.0 -452.25486309622204 88.00957939765897 460.73870849609375
326.0 229.0 -616.491131901528 68.02947914268393 620.2332763671875
342.0 229.0 -466.0638483894675 44.15646147683059 468.15093994140625
358.0 229.0 -197.0878776116841 11.509681957577772 197.4236602783203
374.0 229.0 -157.7766103242014 -24.67571849583744 159.69454956054688
390.0 229.0 -252.5388434244551 -14.805691456234445 252.97247314453125
406.0 229.0 -421.4340240209243 -196.41228040140928 464.95635986328125
422.0 229.0 -348.39556684757554 -201.16182533846566 402.3003234863281
438.0 229.0 34.05597070185513 99.32701634596134 105.00316619873047
454.0 229.0 495.71531244389723 383.7202181190761 626.8770751953125
470.0 229.0 674.7979311627988 204.15537859650414 705.0046997070312
486.0 229.0 395.25277644347113 19.728974368467608 395.7448425292969
502.0 229.0 -157.8309674979437 70.94913824904752 173.04449462890625
518.0 229.0 -501.1567305799886 -211.04397413675923 543.7808837890625
22.0 245.0 -788.2854875139828 -210.68861636943515 815.9556884765625
38.0 245.0 -600.6297037547538 121.35472167433302 612.7666625976562
54.0 245.0 -245.75225351857472 221.87655708642595 331.0942077636719
70.0 245.0 124.06362627237874 634.6811214684936 646.6930541992188
86.0 245.0 283.41016633661036 535.8475684014485 606.1798095703125
102.0 245.0 185.50295699154034 99.7799130077532 210.63565063476562
118.0 245.0 236.5877555324743 -117.38528698443679 264.1080627441406
134.0 245.0 359.59794488539575 -265.3297814623157 446.889892578125
150.0 245.0 633.9907710979578 -335.6775643561092 717.372802734375
166.0 245.0 624.7448358425936 -238.2099817729701 668.6180419921875
182.0 245.0 65.71675642877588 -25.48817144306221 70.48644256591797
198.0 245.0 -171.21116336185406 97.69923059501836 197.12535095214844
214.0 245.0 -152.28076396904777 126.96470492354044 198.2661590576172
230.0 245.0 -54.199406373534906 210.80502463623756 217.6610565185547
246.0 245.0 59.812595994878066 130.1143645564139 143.20367431640625
262.0 245.0 112.41115813008759 -55.43270525770905 125.33576202392578
278.0 245.0 7.179044995170754 37.12613255911638 37.813865661621094
294.0 245.0 -169.12760924140613 72.46970688647157 184.00001525878906
310.0 245.0 -264.37315577869884 65.15103807563423 272.2826232910156
326.0 245.0 -249.01505187245172 62.08825913462132 256.6387634277344
342.0 245.0 -235.3909357260761 53.74737575582747 241.44911193847656
358.0 245.0 -207.36289859444787 -27.830408686903866 209.22213745117188
374.0 245.0 -249.44938501901723 -8.272533069135067 249.58651733398438
390.0 245.0 -295.39068531049145 181.97587044762352 346.945068359375
406.0 245.0 -421.7940806028598 100.6895456490677 433.645751953125
422.0 245.0 -391.79002249372905 -4.78873575094149 391.81927490234375
438.0 245.0 -61.23705665629744 34.60088441771814 70.3363265991211
454.0 245.0 297.21873521357765 244.80505743890927 385.0564880371094
470.0 245.0 291.4710625451851 100.59585590645736 308.3421936035156
486.0 245.0 -49.91406804970091 36.76738514277449 61.99399185180664
502.0 245.0 -420.5172750808552 156.07880463257897 448.5480651855469
518.0 245.0 -598.6386867407316 -129.1504134863978 612.4117431640625
22.0 261.0 -119.08037486818547 292.2744601848239 315.601806640625
38.0 261.0 -43.68268180880944 -62.77833584274331 76.4806900024414
54.0 261.0 64.13522121311729 -99.326205059013 118.23291015625
70.0 261.0 -22.712912572411057 -78.5031642499363 81.72284698486328
86.0 261.0 48.47621941129227 185.56810494383876 191.79537963867188
102.0 261.0 349.9291524968452 340.3622512030592 488.1566162109375
118.0 261.0 302.64418346177143 38.429992344195256 305.0743713378906
134.0 261.0 312.53597552703155 -167.30180847211454 354.4977111816406
150.0 261.0 415.83036873286966 -331.4644114249003 531.7739868164062
166.0 261.0 428.64318462491923 -181.2928368267728 465.4052734375
182.0 261.0 224.97026206643778 56.09002113937966 231.85708618164062
198.0 261.0 99.60254773333547 119.50720287250412 155.5719757080078
214.0 261.0 -25.700400963011294 114.52660322895275 117.37483978271484
230.0 261.0 -55.091701016158794 158.84426996114948 168.12672424316406
246.0 261.0 -8.925877741637482 19.785629534377044 21.7058162689209
262.0 261.0 12.178703900427992 -111.62491409495199 112.28732299804688
278.0 261.0 9.433731203405435 74.39982000118786 74.99552154541016
294.0 261.0 23.189817540166306 22.431281311730512 32.26344680786133
310.0 261.0 83.71346977445005 -132.78926974254628 156.9743194580078
326.0 261.0 104.1710144364778 -8.738889652767275 104.53692626953125
342.0 261.0 36.42622353649964 195.37971397404584 198.74632263183594
358.0 261.0 -0.49515748697302087 118.57025137992851 118.5712890625
374.0 261.0 -161.40249169235918 200.5049752242529 257.3966064453125
390.0 261.0 -289.95404302563855 414.07475412554527 505.5009765625
406.0 261.0 -291.8982529359124 423.28114018465175 514.1707153320312
422.0 261.0 -193.62291927382967 221.48515040873625 294.1861877441406
438.0 261.0 -20.42138889439241 52.20537296374513 56.05741882324219
454.0 261.0 37.92010449466177 130.82018320987345 136.2052001953125
470.0 261.0 -119.58517149804001 40.25843716276474 126.17985534667969
486.0 261.0 -321.26963088694754 -32.30132158487826 322.8893737792969
502.0 261.0 -117.63080031074337 11.18663187534454 118.1615219116211
518.0 261.0 113.81130906177304 -180.02788503787076 212.9860382080078
22.0 277.0 398.30763121862907 454.11713242245776 604.0458374023438
38.0 277.0 299.25598165109034 81.14011488073426 310.0610656738281
54.0 277.0 92.29687627307291 -185.643489958798 207.321533203125
70.0 277.0 -79.61443430856458 -283.4618243107985 294.4300537109375
86.0 277.0 -121.36256115271598 -24.04447065066853 123.72149658203125
102.0 277.0 210.0085835267897 351.80364834903685 409.71868896484375
118.0 277.0 432.5794323210177 268.24250692641556 508.998046875
134.0 277.0 403.54902295389746 -21.898651342336457 404.14276123046875
150.0 277.0 331.1893677964931 -188.558003648767 381.1043395996094
166.0 277.0 270.0347959376715 -136.10355285531116 302.3953857421875
182.0 277.0 309.108866450704 76.58243638406 318.454345703125
198.0 277.0 323.12387138340085 178.12717070915662 368.9692687988281
214.0 277.0 84.04110959998553 133.30705360474428 157.58705139160156
230.0 277.0 -102.30460258256842 102.28709432482286 144.66818237304688
246.0 277.0 -133.7738999444164 -22.473714849962494 135.64852905273438
262.0 277.0 -180.1787945967054 -196.27085929585596 266.4331970214844
278.0 277.0 -59.37533670657959 -101.05988618355626 117.21147918701172
294.0 277.0 123.85390001803374 -110.06687365081095 165.6940155029297
310.0 277.0 203.90978962879757 -182.08310534015462 273.37420654296875
326.0 277.0 155.5167298561745 14.302081970522353 156.17298889160156
342.0 277.0 93.98160148303806 459.79426020379503 469.3008728027344
358.0 277.0 -6.50828044863809 391.88508575372333 391.9391174316406
374.0 277.0 -190.5762361953542 424.50656408466784 465.3226013183594
390.0 277.0 -268.61222148311924 651.4136224716948 704.6220703125
406.0 277.0 -193.22743512170197 573.1707439077692 604.8648681640625
422.0 277.0 -6.086494506260428 329.2813365864477 329.33758544921875
438.0 277.0 -80.27334620195404 125.2927124427638 148.8021240234375
454.0 277.0 -233.37021867413816 115.41489610386671 260.3502502441406
470.0 277.0 -300.32657740364675 26.621762632238415 301.5041809082031
486.0 277.0 -276.88179172311106 -114.02489570243874 299.4414978027344
502.0 277.0 -0.8007827395200293 -203.79964176372764 203.80120849609375
518.0 277.0 253.82429887841815 -205.71668003652678 326.7202453613281
22.0 293.0 -148.7601870363281 118.75074349332681 190.3452911376953
38.0 293.0 310.5535010591186 151.93672704510655 345.72857666015625
54.0 293.0 157.15353221280853 -79.82208027724577 176.263427734375
70.0 293.0 12.555816154137261 -264.1472415961325 264.44549560546875
86.0 293.0 -81.51798677860836 64.11294181606767 103.70945739746094
102.0 293.0 -20.517487942392286 352.1372303294541 352.7344665527344
118.0 293.0 333.85519326018124 206.5763627579657 392.5978698730469
134.0 293.0 554.9322762076082 166.67469286663962 579.42236328125
150.0 293.0 329.3021790556192 116.34571332886408 349.2509765625
166.0 293.0 21.540667265627157 67.55717460780873 70.90819549560547
182.0 293.0 -10.417014573834225 204.91041074229284 205.17501831054688
198.0 293.0 69.0565966124042 285.8329721573635 294.056640625
214.0 293.0 -40.959269558826925 260.07893573377123 263.28448486328125
230.0 293.0 -274.51346986472987 162.63300899839084 319.07232666015625
246.0 293.0 -447.5281152371695 -83.48992583645853 455.2493591308594
262.0 293.0 -414.5813435502117 -377.067781399304 560.4086303710938
278.0 293.0 -150.81781276973342 -329.9131306771847 362.7515563964844
294.0 293.0 -2.9791953988418824 -221.0648728382081 221.08494567871094
310.0 293.0 82.11523989035106 -217.26987109380244 232.26947021484375
326.0 293.0 117.8137088208501 -167.70773446546502 204.9535369873047
342.0 293.0 110.00881937529988 408.7489864783052 423.2938537597656
358.0 293.0 -136.13822602412023 751.5824438892361 763.8126831054688
374.0 293.0 -279.50060246948794 420.3991809829149 504.83270263671875
390.0 293.0 -143.6207112540392 479.04456175780786 500.110595703125
406.0 293.0 -75.59093053540599 532.4772501806526 537.8159790039062
422.0 293.0 -65.15778671615288 354.1564013964011 360.10040283203125
438.0 293.0 -231.4852490980197 102.64259427165689 253.22109985351562
454.0 293.0 -309.81845887778894 69.28874647203689 317.4718933105469
470.0 293.0 -256.6956737817777 46.81762475261944 260.93017578125
486.0 293.0 -125.5976395277412 -125.24137021343356 177.37014770507812
502.0 293.0 84.84975941434436 -292.9538064878271 304.9941101074219
518.0 293.0 55.11517094174719 -79.17907796884214 96.47283935546875
22.0 309.0 -172.6934125510226 68.95812959877573 185.95223999023438
38.0 309.0 -116.25863770304356 -6.018052091774399 116.41429138183594
54.0 309.0 275.50319296544444 87.67108866559386 289.1163024902344
70.0 309.0 277.6308435236639 -99.98048255297067 295.084716796875
86.0 309.0 -0.6233829841267403 131.9935318625588 131.99501037597656
102.0 309.0 -170.3104532154767 288.75689249635917 335.2405090332031
118.0 309.0 -22.80415874086844 -68.61598023379211 72.30616760253906
134.0 309.0 136.72189835760864 162.84237611802786 212.62765502929688
150.0 309.0 153.6139978213766 363.17958611548903 394.3306579589844
166.0 309.0 -252.0435725431767 306.8062916237126 397.05926513671875
182.0 309.0 -454.11497384238135 253.15389320126067 519.910888671875
198.0 309.0 -252.62381721157456 353.06774077611067 434.1377868652344
214.0 309.0 -137.25616817429102 386.0716707647076 409.7445373535156
230.0 309.0 -175.40473900629559 301.7560709694086 349.0323181152344
246.0 309.0 -519.8679378914337 -119.77195745438812 533.4866333007812
262.0 309.0 -581.6177488223275 -508.31041866302024 772.4368286132812
278.0 309.0 -359.1022857710452 -435.40755424651104 564.3883056640625
294.0 309.0 -263.9989780986486 -266.8990229929802 375.40716552734375
310.0 309.0 -164.5551888012063 -301.3641195486635 343.3638610839844
326.0 309.0 23.61272303041659 -434.9817133288676 435.62213134765625
342.0 309.0 148.7665151549842 -38.99453864734122 153.792236328125
358.0 309.0 183.9853053672279 545.2401014565659 575.4453735351562
374.0 309.0 195.30569214878605 233.39413092389717 304.33062744140625
390.0 309.0 121.85140628846386 80.65216666703228 146.1250762939453
406.0 309.0 -15.056961695215046 328.258619278241 328.603759765625
422.0 309.0 -91.88129757571856 226.09648589844556 244.0528564453125
438.0 309.0 -181.9482319379948 -35.376205421854685 185.3554229736328
454.0 309.0 -134.59949727937715 -107.2039754071315 172.07473754882812
470.0 309.0 50.31698884214647 11.932168879024102 51.71243667602539
486.0 309.0 227.01014184567998 -103.75535726632889 249.59722900390625
502.0 309.0 165.01669364169888 -295.5571648122606 338.5033874511719
518.0 309.0 -181.07192202776707 -91.81394743141306 203.01931762695312
