22.0 21.0 -66.65367743940581 535.5633016114637 539.695068359375
38.0 21.0 -232.44374642049416 -100.41725374164642 253.20687866210938
54.0 21.0 -194.2343297671743 -343.9646197566853 395.01727294921875
70.0 21.0 -68.63365695639142 -382.4539126003133 388.5634765625
86.0 21.0 216.31026525691746 -292.2942959061237 363.6290588378906
102.0 21.0 453.0363642598771 -115.52125716014446 467.5329895019531
118.0 21.0 292.9948782864792 -295.74742021070165 416.3082275390625
134.0 21.0 -88.77403718017631 -718.1772199083699 723.6431274414062
150.0 21.0 -35.89634578409158 -744.8300998405249 745.694580078125
166.0 21.0 198.71944383467695 -608.1780712105095 639.8202514648438
182.0 21.0 378.2436435157042 -504.5212296682269 630.5631713867188
198.0 21.0 318.95664305879296 -144.0847568909952 349.9910888671875
214.0 21.0 124.67432611717099 22.972804679271622 126.7731704711914
230.0 21.0 -228.531090794304 138.5368354400248 267.2431640625
246.0 21.0 -607.4551595086688 190.49365701844124 636.6235961914062
262.0 21.0 -468.8420116393655 58.87571243305626 472.5242614746094
278.0 21.0 -126.11478541532551 176.6584389689595 217.0556182861328
294.0 21.0 54.271059290603716 218.36856680791573 225.01150512695312
310.0 21.0 37.598775058829425 264.6181144119592 267.2759094238281
326.0 21.0 11.995849818006432 376.35135300323094 376.54248046875
342.0 21.0 212.35240316705148 510.92504000365375 553.29736328125
358.0 21.0 431.1393962510031 410.81768106632956 595.5269775390625
374.0 21.0 364.02051679862205 91.6594285859157 375.38299560546875
390.0 21.0 276.7160117279846 58.551663455235314 282.8428039550781
406.0 21.0 268.7078189706193 -167.14845687910173 316.4530029296875
422.0 21.0 368.35998738915686 -262.8598669846708 452.5310974121094
438.0 21.0 511.81488933772386 -110.4716597307043 523.6014404296875
454.0 21.0 489.2702024596788 -255.26643517334588 551.8571166992188
470.0 21.0 543.8421743047471 -141.99389294986412 562.073486328125
486.0 21.0 468.179014019892 340.133594877128 578.6903076171875
502.0 21.0 -6.444531407456784 179.69169678264652 179.80722045898438
518.0 21.0 -303.1254233017871 -458.20246770333256 549.3947143554688
22.0 37.0 -102.95709196201726 184.17848711887808 211.0020751953125
38.0 37.0 -151.0870224987733 -61.25539177340287 163.03224182128906
54.0 37.0 -362.6552520073611 -273.5924471028083 454.2814636230469
70.0 37.0 -311.4515946755297 -194.05580635443587 366.96014404296875
86.0 37.0 -150.66061831247808 -171.2600002698449 228.09780883789062
102.0 37.0 20.290521416675226 -123.10957865335776 124.7704849243164
118.0 37.0 43.77515953127234 -170.46746391570719 175.99835205078125
134.0 37.0 -2.6745486263157066 -298.46858660650514 298.4805603027344
150.0 37.0 -162.13732759233372 -905.9330888144426 920.3278198242188
166.0 37.0 128.39428430815383 -672.4567263561387 684.6043701171875
182.0 37.0 127.76042645496032 -435.62026935637004 453.9688720703125
198.0 37.0 211.96312555745135 -271.7359155560571 344.6284484863281
214.0 37.0 189.7946916679027 -95.23671810044092 212.34890747070312
230.0 37.0 -92.78246901675872 85.80229137314647 126.37491607666016
246.0 37.0 -246.23822923159315 91.42172708889477 262.6617431640625
262.0 37.0 -203.45728926339703 99.78660978955284 226.61032104492188
278.0 37.0 -127.67843748578267 303.20415325924506 328.99017333984375
294.0 37.0 -57.08316570313647 376.8176435275047 381.1168212890625
310.0 37.0 -107.49922377128655 507.6162909198141 518.8741455078125
326.0 37.0 -109.23935593281576 497.21977253874286 509.07830810546875
342.0 37.0 158.88133768527516 425.8954309351681 454.5659484863281
358.0 37.0 443.89423307963614 520.3443591943249 683.9592895507812
374.0 37.0 379.28220804243733 288.5468358310746 476.5650634765625
390.0 37.0 234.4194830974398 93.30948745236563 252.3076629638672
406.0 37.0 67.62049283991159 -522.4311712079234 526.7891845703125
422.0 37.0 49.96967923854294 -716.6194530110034 718.3594970703125
438.0 37.0 106.43493452972442 -398.8397685233966 412.7972412109375
454.0 37.0 36.9489965807463 -490.2257963357695 491.61627197265625
470.0 37.0 140.69955701202707 -318.8256419888939 348.4912414550781
486.0 37.0 99.87732333832 -139.44851801585688 171.52658081054688
502.0 37.0 -11.137441611394538 -127.7692698566494 128.25376892089844
518.0 37.0 -144.04608971222441 -360.000144623349 387.7491149902344
22.0 53.0 -163.35453404844785 -114.48914643400941 199.48049926757812
38.0 53.0 -102.98109712499001 66.77377839544849 122.73484802246094
54.0 53.0 -145.47510900037085 -79.40559270826456 165.73550415039062
70.0 53.0 -327.2141202856462 -23.267702547695897 328.04034423828125
86.0 53.0 -120.52592363443023 120.86156955381415 170.68690490722656
102.0 53.0 13.24502399160487 40.034082472948135 42.168216705322266
118.0 53.0 -52.78725716430869 -50.9228289350832 73.34595489501953
134.0 53.0 -22.156586154588215 -30.187452643168122 37.44591522216797
150.0 53.0 3.6603870419878124 -102.64974186167206 102.71498107910156
166.0 53.0 68.25900442908677 -287.0491103322566 295.0533447265625
182.0 53.0 250.9888151320445 -416.0840545226197 485.92315673828125
198.0 53.0 457.53661494391196 -448.4738610191368 640.67822265625
214.0 53.0 152.0319647810213 -84.78528975733852 174.07545471191406
230.0 53.0 -114.46603893417507 55.36570869240777 127.15280151367188
246.0 53.0 -114.66486509217616 125.02812940565246 169.64688110351562
262.0 53.0 -72.00326905828294 181.41312651257195 195.17990112304688
278.0 53.0 -33.46470774753315 169.91553248581977 173.17959594726562
294.0 53.0 14.095876607397377 237.13191732921806 237.55050659179688
310.0 53.0 -100.13135591069226 564.0938929625486 572.9120483398438
326.0 53.0 -39.3306600816871 314.7887862919119 317.236328125
342.0 53.0 141.02981995421712 39.52790010765669 146.4645538330078
358.0 53.0 210.12490513019716 194.02189329180212 286.001708984375
374.0 53.0 147.48194612616192 199.7764190437159 248.3174285888672
390.0 53.0 -12.088552230933507 88.7618212765037 89.58121490478516
406.0 53.0 -210.36196932245844 -368.98283888868866 424.73577880859375
422.0 53.0 -350.14969949425 -746.3295207280779 824.3861694335938
438.0 53.0 -231.63276407333737 -549.5829788999274 596.40185546875
454.0 53.0 -323.01568784637647 -641.3583113743414 718.1083374023438
470.0 53.0 -260.73570600429537 -455.2815219659521 524.6564331054688
486.0 53.0 -130.91550888095534 -468.93678987311773 486.8681335449219
502.0 53.0 -77.99475699999518 -478.28698634318204 484.6046142578125
518.0 53.0 49.59710734662853 -416.12637492871437 419.0716247558594
22.0 69.0 -283.98625535487395 -26.90235088834526 285.2576599121094
38.0 69.0 -103.92147761342957 172.99157638824306 201.80624389648438
54.0 69.0 6.284129650375019 96.7486077000867 96.95247650146484
70.0 69.0 -46.09286379740453 163.61938324910633 169.98780822753906
86.0 69.0 85.75734460541102 266.09268416830406 279.5704650878906
102.0 69.0 74.19843534527445 213.22058221639244 225.76187133789062
118.0 69.0 77.22901605091592 10.085857514862159 77.88481903076172
134.0 69.0 52.37578046508865 63.351951358331085 82.1990966796875
150.0 69.0 95.35240785801143 123.15621423137982 155.75473022460938
166.0 69.0 220.7563899448078 -83.04512981603641 235.85986328125
182.0 69.0 310.6831318483301 -464.114975415554 558.5040283203125
198.0 69.0 355.08542755034557 -349.6562662957461 498.3424072265625
214.0 69.0 -19.40925460397424 -22.6069584631909 29.795867919921875
230.0 69.0 -248.2604814304536 -40.04152258288689 251.4688720703125
246.0 69.0 -120.7550665239371 7.112162692170473 120.9643325805664
262.0 69.0 46.91922845812257 39.71910197454065 61.4737434387207
278.0 69.0 161.48238829715132 -13.101870301000117 162.01303100585938
294.0 69.0 246.4248825432281 208.3877334368651 322.72381591796875
310.0 69.0 167.60192288613916 665.4437641403565 686.2257690429688
326.0 69.0 74.3166847080508 -51.94022896242442 90.66838836669922
342.0 69.0 21.712001650922563 -364.0731642106197 364.7200012207031
358.0 69.0 -50.477092173177276 -214.63788941763053 220.4934539794922
374.0 69.0 -95.4751454079954 182.98722369491105 206.3972625732422
390.0 69.0 -69.5272461811316 206.8847648145385 218.25523376464844
406.0 69.0 -68.79252073258597 -142.07273768890477 157.85142517089844
422.0 69.0 -100.62453826915893 -386.6707693022405 399.5492248535156
438.0 69.0 -96.04746539724798 -230.61533206475593 249.81703186035156
454.0 69.0 -449.53818663674167 -177.73097185154498 483.397216796875
470.0 69.0 -666.6065057160444 -261.4283166885657 716.0369873046875
486.0 69.0 -409.11120444684127 -370.57867589248 551.9968872070312
502.0 69.0 -160.08505600297858 -480.0687551549909 506.0565490722656
518.0 69.0 93.62565516548918 -506.34244234480826 514.9256591796875
22.0 85.0 -241.3199808809203 -28.9783280076697 243.05364990234375
38.0 85.0 -8.049296124579769 41.09477488824981 41.875667572021484
54.0 85.0 122.17316225690311 127.13940393156037 176.32557678222656
70.0 85.0 57.56874116193523 253.5201146307855 259.9742431640625
86.0 85.0 69.6534076565864 353.95968302935654 360.7479248046875
102.0 85.0 179.2913942565905 318.9090598180645 365.85296630859375
118.0 85.0 293.6368556136696 61.27100586259435 299.96124267578125
134.0 85.0 274.174543647863 42.291447449166036 277.4171142578125
150.0 85.0 250.0460262129973 84.66501942700977 263.9908752441406
166.0 85.0 252.06680689189756 -24.039516807501382 253.2105255126953
182.0 85.0 113.95503242709734 -79.15624245692807 138.7496337890625
198.0 85.0 -16.974355350534875 -92.37331086811285 93.91995239257812
214.0 85.0 -82.10469986522261 -14.550526792109382 83.38404846191406
230.0 85.0 -104.04954598195576 -105.51712936624547 148.1896514892578
246.0 85.0 -17.630062195442807 -153.6201561675524 154.6284942626953
262.0 85.0 31.30412473153847 -149.55423437574078 152.79534912109375
278.0 85.0 149.7231253321712 -183.93538766087164 237.16921997070312
294.0 85.0 204.8019729619357 124.89385244580687 239.8798065185547
310.0 85.0 287.7545690408687 402.4682622006203 494.7558898925781
326.0 85.0 204.60185795232516 -265.0154495408831 334.80609130859375
342.0 85.0 -52.61162752323055 -443.6893451100871 446.7977294921875
358.0 85.0 -174.07664533006692 -297.496595762199 344.68377685546875
374.0 85.0 -210.51321882822938 122.32768599978591 243.47459411621094
390.0 85.0 -103.52908356472555 231.0161556251919 253.15357971191406
406.0 85.0 29.757421975448644 -15.799888736763764 33.69184875488281
422.0 85.0 139.2691856310952 -90.11457173898074 165.881103515625
438.0 85.0 102.49773468940269 7.144019526888966 102.74639892578125
454.0 85.0 -102.53807132694182 73.3629013734749 126.08001708984375
470.0 85.0 -281.6568366856413 63.52326312275333 288.7313232421875
486.0 85.0 -290.9121485403379 -4.669849136537409 290.9496154785156
502.0 85.0 -151.581151059869 -276.9084295655667 315.6820068359375
518.0 85.0 38.027912901793734 -593.1513846395468 594.369140625
22.0 101.0 76.80851525997001 122.25540919752021 144.38121032714844
38.0 101.0 157.06398966024835 28.195043587583314 159.57461547851562
54.0 101.0 198.31516893353555 47.085505676511225 203.82823181152344
70.0 101.0 196.01732987869605 122.30011868773727 231.04136657714844
86.0 101.0 274.0838069122186 162.7085420285004 318.74127197265625
102.0 101.0 335.44019625401336 233.5104794171453 408.71417236328125
118.0 101.0 199.81016420555883 -15.684587439886279 200.42481994628906
134.0 101.0 9.936061083116028 -126.49046380076534 126.88011169433594
150.0 101.0 165.37753726863502 50.08900522085308 172.79652404785156
166.0 101.0 98.5567232548082 66.56534000958357 118.93011474609375
182.0 101.0 -16.408339568718677 92.76105970253785 94.20110321044922
198.0 101.0 12.113930000255895 -27.990267572747847 30.49921989440918
214.0 101.0 -69.32115932915956 -60.490853088364126 92.0030746459961
230.0 101.0 -99.46181708747046 -54.6830102646149 113.50279235839844
246.0 101.0 -20.704053118838385 -52.84291747507333 56.75413513183594
262.0 101.0 40.537697680576194 -205.54474012479136 209.50404357910156
278.0 101.0 96.44533975154854 -220.3465999508271 240.52926635742188
294.0 101.0 77.31323643311269 -33.82020440712573 84.3868637084961
310.0 101.0 181.6706649217445 -57.688472312618394 190.61004638671875
326.0 101.0 169.56769415541007 -201.32424344274523 263.21978759765625
342.0 101.0 -47.30496342310676 -287.7820642995511 291.64410400390625
358.0 101.0 -152.4999532623103 -236.1471585612484 281.1080017089844
374.0 101.0 -242.19159167197296 29.25235031756826 243.95176696777344
390.0 101.0 -139.24310981067302 139.85704328019867 197.35409545898438
406.0 101.0 51.880077566023154 32.44510964698195 61.190093994140625
422.0 101.0 157.39193140810016 25.713706321563855 159.47857666015625
438.0 101.0 123.79624685806186 69.48966150502817 141.96592712402344
454.0 101.0 -22.551282440593695 47.31024577008161 52.41011047363281
470.0 101.0 -156.70155338260633 164.7368798558035 227.3623046875
486.0 101.0 -118.95125369961573 116.09620293118867 166.21591186523438
502.0 101.0 -53.241772955075625 -143.0759477724975 152.66110229492188
518.0 101.0 -16.006315872050077 -467.3596646152695 467.6336669921875
22.0 117.0 552.76560315755 348.6442991416165 653.5309448242188
38.0 117.0 371.10450693608135 243.36720256068244 443.7861633300781
54.0 117.0 164.26522186379057 4.076592964005325 164.3157958984375
70.0 117.0 144.7424136818329 -31.30814145370751 148.0897216796875
86.0 117.0 324.908071679082 41.31975698392916 327.5249328613281
102.0 117.0 434.06481980165495 92.29659269382395 443.7690124511719
118.0 117.0 208.53328601972456 -4.142034821792932 208.5744171142578
134.0 117.0 -109.30783655936025 -73.08168365757312 131.4881591796875
150.0 117.0 -122.56245973712858 129.48442483966357 178.291259765625
166.0 117.0 -295.3868490729673 100.30700464667036 311.9533386230469
182.0 117.0 -223.03361311317664 -172.8189779433024 282.15313720703125
198.0 117.0 143.58279322049648 -198.95515558495583 245.35519409179688
214.0 117.0 147.7525747940613 -119.27152077872627 189.8855438232422
230.0 117.0 73.70401416003217 -89.18764328840126 115.70098114013672
246.0 117.0 233.05088105186752 -112.42963974627091 258.7530517578125
262.0 117.0 254.82720913384992 -250.54447177181024 357.36456298828125
278.0 117.0 132.7444959547837 -133.91843711786106 188.5609893798828
294.0 117.0 20.711147010188267 -6.829509561419262 21.80811309814453
310.0 117.0 -2.598159403477319 -65.844635915045 65.8958740234375
326.0 117.0 -97.76925138237893 142.62741883766753 172.92022705078125
342.0 117.0 -245.31321114626073 -45.45460868379682 249.48886108398438
358.0 117.0 -222.33536636827637 -244.7764262444452 330.6788635253906
374.0 117.0 -90.720683388526 -46.88741551215385 102.1208724975586
390.0 117.0 -77.46992934592338 38.309918574880506 86.42476654052734
406.0 117.0 57.28841469536042 -8.38985587583244 57.89950180053711
422.0 117.0 209.09594835433109 66.54019261084305 219.4281463623047
438.0 117.0 172.25574264130074 143.76570004190722 224.3671417236328
454.0 117.0 -25.016320557055845 26.019423841735318 36.09469223022461
470.0 117.0 -136.59848464666936 46.76361366946368 144.38137817382812
486.0 117.0 -101.874148855774 -0.07106184234185632 101.87417602539062
502.0 117.0 -129.4738814232213 -98.87897109955809 162.9126739501953
518.0 117.0 -114.25093225926203 -224.8388842003472 252.201904296875
22.0 133.0 552.8333913477098 482.30135382182414 733.64794921875
38.0 133.0 404.86882282650237 335.7380148094459 525.964599609375
54.0 133.0 87.40230606576773 100.07845088297697 132.87159729003906
70.0 133.0 -99.89175888287488 57.69719091517522 115.3573989868164
86.0 133.0 41.92112415135106 96.65030034842637 105.35018157958984
102.0 133.0 181.63135142621041 -38.33832366505009 185.63343811035156
118.0 133.0 91.27648723748547 36.27048068738964 98.21886444091797
134.0 133.0 -174.41266350842176 198.13992034243572 263.96820068359375
150.0 133.0 -284.5457116432754 198.21728507739675 346.77996826171875
166.0 133.0 -316.95408370327755 -14.757537661616974 317.2974548339844
182.0 133.0 -355.770037244195 -420.5043814730328 550.8141479492188
198.0 133.0 -85.45794458178774 -339.9559907935341 350.53265380859375
214.0 133.0 181.7984931327357 -229.43923533343636 292.7337646484375
230.0 133.0 389.1234299205547 -169.20156182528325 424.3185119628906
246.0 133.0 541.1563783178785 -112.76374675612176 552.7801513671875
262.0 133.0 483.74868156967375 -137.45811098658876 502.89910888671875
278.0 133.0 173.47500533870402 13.202443900636258 173.97666931152344
294.0 133.0 -158.49577834016765 -2.047016232607946 158.50900268554688
310.0 133.0 -384.774234151462 -57.37075120618984 389.02777099609375
326.0 133.0 -322.48488461028825 263.44338575292664 416.4119567871094
342.0 133.0 -312.84076717520674 68.09444162451808 320.1658935546875
358.0 133.0 -224.86387366236895 -401.82913162538813 460.46759033203125
374.0 133.0 2.650979615155632 -204.47885893551796 204.4960479736328
390.0 133.0 -7.192918863568928 -26.009249264076736 26.98553466796875
406.0 133.0 32.34510247270935 -58.108088504132866 66.50379943847656
422.0 133.0 169.22872577432452 56.12265561958418 178.29222106933594
438.0 133.0 183.21912976107717 124.7162476388879 221.63796997070312
454.0 133.0 69.63370263966124 -16.400458243901827 71.53899383544922
470.0 133.0 -70.38203546628037 -68.4872285509701 98.20453643798828
486.0 133.0 -129.78758721504536 -52.406391119054625 139.96873474121094
502.0 133.0 -235.369445289081 -62.69223758086918 243.5756378173828
518.0 133.0 -246.09230909474462 -3.899573483088668 246.12319946289062
22.0 149.0 651.4393707339192 191.0829090503706 678.8858032226562
38.0 149.0 374.8764543360471 283.30809383695157 469.88916015625
54.0 149.0 -56.34360958380577 172.56858783619023 181.53379821777344
70.0 149.0 -292.65302072026765 147.09505226113234 327.5404357910156
86.0 149.0 -172.18332674264374 165.73193004759023 238.9857177734375
102.0 149.0 -147.87273379872778 -79.29214139536123 167.79031372070312
118.0 149.0 -383.9690332996865 17.760502925415175 384.37957763671875
134.0 149.0 -454.2294477023331 445.1382482035545 635.9815063476562
150.0 149.0 -351.4645330977913 275.7553427807578 446.730712890625
166.0 149.0 -217.3314590198443 -172.0771851731006 277.2066345214844
182.0 149.0 -117.59191699284024 -341.6016237636322 361.2748718261719
198.0 149.0 -14.655768675046696 -288.3975357140986 288.7696838378906
214.0 149.0 145.01289099906586 -289.85707425511026 324.1077880859375
230.0 149.0 311.0717711323868 -221.26011849794082 381.735107421875
246.0 149.0 502.4851194459098 -49.10018488493381 504.8783264160156
262.0 149.0 403.81365660717717 103.86486201470431 416.957275390625
278.0 149.0 106.21798653997902 185.14840323071581 213.45301818847656
294.0 149.0 -335.06956991185876 24.433338393181273 335.959228515625
310.0 149.0 -727.7201704611844 -149.13555196445773 742.8445434570312
326.0 149.0 -505.733157397203 31.185485214669082 506.6937561035156
342.0 149.0 -390.7418545989517 -82.84396613658107 399.427490234375
358.0 149.0 -160.49378437674434 -534.4675077631258 558.0446166992188
374.0 149.0 41.459386972977164 -246.7746533286082 250.2331085205078
390.0 149.0 -26.880008638256975 36.026863389803076 44.94963455200195
406.0 149.0 8.565726149879035 -69.35315842803898 69.880126953125
422.0 149.0 110.39681712363638 -87.52367143540778 140.8824005126953
438.0 149.0 93.38019765144676 -50.66151086223826 106.23770141601562
454.0 149.0 17.31480136879945 -69.82819859463129 71.9428939819336
470.0 149.0 -60.17647413664759 -85.07431307463538 104.2057876586914
486.0 149.0 -143.16438721319145 -104.64091188811979 177.32952880859375
502.0 149.0 -237.5680398220514 -112.67215644075449 262.93267822265625
518.0 149.0 -225.03099469496132 -33.57673540901207 227.52218627929688
22.0 165.0 569.2309451006438 -289.64432675289277 638.684326171875
38.0 165.0 349.8294820625005 403.2555992333433 533.8499145507812
54.0 165.0 -20.11230203979676 226.34443040911637 227.23623657226562
70.0 165.0 -438.6524887885342 87.75577737137145 447.344482421875
86.0 165.0 -316.7781322302599 145.4162203786479 348.5602722167969
102.0 165.0 -202.9030407724499 34.426041120811185 205.8028106689453
118.0 165.0 -313.961828174829 108.06103750589325 332.0379638671875
134.0 165.0 -304.2441702255895 456.04723525990715 548.2185668945312
150.0 165.0 -154.84080558876747 385.0868650699615 415.05126953125
166.0 165.0 -6.138340722580192 -225.65902989179284 225.7425079345703
182.0 165.0 -15.435900532477262 -382.13957799465226 382.4512023925781
198.0 165.0 68.47043376563299 -246.15050425472174 255.49612426757812
214.0 165.0 69.41252693508706 -179.76955552710996 192.70494079589844
230.0 165.0 -55.36020184057576 -116.88969347207164 129.33657836914062
246.0 165.0 -208.15178083428376 -1.651685643335907 208.15834045410156
262.0 165.0 -92.7432514326947 213.92474202629228 233.1632537841797
278.0 165.0 -35.02312142620228 270.30671624413213 272.56622314453125
294.0 165.0 -192.71562729685334 245.84054343350596 312.37298583984375
310.0 165.0 -439.5766634972223 56.63502235058388 443.2100830078125
326.0 165.0 -353.7281264997717 82.1844894459558 363.1499328613281
342.0 165.0 -142.7634735883873 72.81271484405194 160.2594757080078
358.0 165.0 59.485718198470934 -407.687153784269 412.00408935546875
374.0 165.0 126.46172528514427 -345.63313820198186 368.0419006347656
390.0 165.0 60.46075448380017 38.444523504057 71.6483383178711
406.0 165.0 24.915887918206646 -106.18499403227497 109.06903839111328
422.0 165.0 54.451152357721014 -276.156196739118 281.47320556640625
438.0 165.0 1.3582919402083462 -142.737990233564 142.74444580078125
454.0 165.0 -124.57611925265313 -70.79239740981146 143.28562927246094
470.0 165.0 -179.56266624762338 -143.23774241941794 229.6950225830078
486.0 165.0 -100.34234380291906 -201.54697234864625 225.14389038085938
502.0 165.0 -74.98910004080328 -182.63255033232673 197.42849731445312
518.0 165.0 -175.58675985142085 -84.61370655478302 194.9107208251953
22.0 181.0 102.32099536085005 -248.04976716526934 268.324951171875
38.0 181.0 244.93751559574534 283.2395128986241 374.4582824707031
54.0 181.0 237.58218315753976 232.8249871382748 332.6451110839844
70.0 181.0 -114.94128647507848 220.1175043885154 248.32078552246094
86.0 181.0 -378.4932961262275 159.24673455738898 410.629638671875
102.0 181.0 -277.1971289344019 146.81936998787089 313.678466796875
118.0 181.0 -26.86245613639642 197.6721402075297 199.489013671875
134.0 181.0 252.66180355828675 202.7412281869963 323.947509765625
150.0 181.0 328.9722435374182 103.79272003727347 344.9574890136719
166.0 181.0 152.85373992781956 -51.38808128833008 161.2606658935547
182.0 181.0 -121.57747789629258 -35.69581771789987 126.70941162109375
198.0 181.0 -225.70602147638476 -76.12372076879811 238.1974639892578
214.0 181.0 -283.3339275699986 -98.72146768471235 300.0400695800781
230.0 181.0 -367.1920897300841 1.5134128749524567 367.1952209472656
246.0 181.0 -467.49129574708553 185.32817033038418 502.8863220214844
262.0 181.0 -319.3166781744314 217.16434713672916 386.16510009765625
278.0 181.0 -62.225870998997664 176.002897948904 186.6790771484375
294.0 181.0 35.63637067067206 252.8970911878138 255.3955535888672
310.0 181.0 -16.276169002276937 292.5299730596768 292.982421875
326.0 181.0 62.01625841322804 323.5176162920084 329.4080505371094
342.0 181.0 323.7109601119699 407.4804785144067 520.4124755859375
358.0 181.0 502.7415933387446 128.85439678084379 518.9918823242188
374.0 181.0 349.40592794948657 -195.6596243944137 400.458740234375
390.0 181.0 79.74438164821846 -123.94989695298294 147.38636779785156
406.0 181.0 -22.666618209196113 -175.3469526122347 176.805908203125
422.0 181.0 -89.7681228536724 -283.26284022161474 297.1466979980469
438.0 181.0 -110.27668281389155 -78.9085375557707 135.60052490234375
454.0 181.0 3.2120056843820723 127.3570646437019 127.3975601196289
470.0 181.0 -80.49188534840992 -116.37201210506444 141.49696350097656
486.0 181.0 67.31088731002664 -370.102678147504 376.173828125
502.0 181.0 -28.822458967900896 -233.70328860231135 235.47390747070312
518.0 181.0 -363.35478351053325 -154.04299515222223 394.6592712402344
22.0 197.0 -204.3043146054076 -32.9600468234332 206.9459228515625
38.0 197.0 109.35124215280685 190.86852424829604 219.9738311767578
54.0 197.0 222.02143905683064 246.03197761648167 331.39892578125
70.0 197.0 106.83337884730713 276.1850625848462 296.1275939941406
86.0 197.0 -211.29351748745188 112.55059765218796 239.40048217773438
102.0 197.0 -336.6621895656136 138.97434801274827 364.21875
118.0 197.0 -105.43993921252542 123.11558003628552 162.09573364257812
134.0 197.0 308.73547368385886 -118.05350245898137 330.5362548828125
150.0 197.0 496.27760809805744 -34.08212366499243 497.446533203125
166.0 197.0 116.01063241777678 229.3456415976029 257.0173034667969
182.0 197.0 -303.6440463865357 343.3078668236359 458.3230285644531
198.0 197.0 -431.6165062297464 112.6535146238903 446.0758056640625
214.0 197.0 -430.37353693278664 -91.89044459291944 440.0741271972656
230.0 197.0 -312.9738790098598 27.5574912639503 314.18475341796875
246.0 197.0 -168.4063322562901 361.65213577765996 398.9397888183594
262.0 197.0 19.26124132929341 348.16193817777054 348.6943359375
278.0 197.0 117.76811246823397 1.0360545812837387 117.77266693115234
294.0 197.0 105.58838581067313 88.22679523796317 137.59678649902344
310.0 197.0 82.2241737575802 269.35777762603664 281.628173828125
326.0 197.0 361.181396935507 441.6579983241766 570.5381469726562
342.0 197.0 711.8505444221466 510.99293235585986 876.2676391601562
358.0 197.0 635.8419490682063 315.07431265188296 709.6243896484375
374.0 197.0 182.3082834527421 -7.029098044134499 182.44374084472656
390.0 197.0 -134.51110918408338 -122.22820369333887 181.749755859375
406.0 197.0 -243.2726298620828 -232.05208983862724 336.198974609375
422.0 197.0 -213.11863636597943 -249.20292205343128 327.9049377441406
438.0 197.0 -133.02571173833965 -45.859275485115035 140.7086181640625
454.0 197.0 123.95187625639123 319.04708728107624 342.279296875
470.0 197.0 450.7297624931116 338.4968016415268 563.6820068359375
486.0 197.0 358.4218284173483 -167.9874083281393 395.8357849121094
502.0 197.0 -67.13319069797355 -211.85078301225218 222.23326110839844
518.0 197.0 -461.990829998084 -375.2235365064291 595.1707763671875
22.0 213.0 -290.65604113163687 -58.82432447921392 296.54888916015625
38.0 213.0 -10.054208234586774 135.19878073118008 135.57211303710938
54.0 213.0 123.90984771307538 174.294942301016 213.85130310058594
70.0 213.0 120.20378656694021 242.61650793269644 270.7613830566406
86.0 213.0 -16.890685810556146 48.1107064073386 50.989559173583984
102.0 213.0 -63.23321139683776 26.781021385571897 68.6706771850586
118.0 213.0 24.667293186629703 -143.89812066634636 145.9970703125
134.0 213.0 287.3995158119403 -433.55740551822504 520.1639404296875
150.0 213.0 517.3062686625908 -151.51817980784915 539.0394287109375
166.0 213.0 250.66423204997923 235.27986665495976 343.7865295410156
182.0 213.0 -115.56140499157455 330.10591596588307 349.7489929199219
198.0 213.0 -178.42337516139318 108.02610714985384 208.57742309570312
214.0 213.0 -180.9281370337142 -188.87864076040756 261.5533142089844
230.0 213.0 -109.47019319593315 -120.69875999320705 162.9475860595703
246.0 213.0 128.30779044024 190.40315570097115 229.60020446777344
262.0 213.0 418.1308934552718 329.22371496035623 532.185791015625
278.0 213.0 343.4884003545214 -69.61030169049363 350.470947265625
294.0 213.0 -6.790745376837285 -113.14004127680717 113.3436508178711
310.0 213.0 -146.5450597823742 58.53402072477693 157.8026885986328
326.0 213.0 19.24451507877266 232.0918944487712 232.8883819580078
342.0 213.0 367.47278385603164 433.3549231634517 568.1837158203125
358.0 213.0 113.54623659897136 273.0054849468994 295.6767578125
374.0 213.0 -158.60230313217065 33.59315692866501 162.12091064453125
390.0 213.0 -299.7834993998198 -129.64251836395252 326.6149597167969
406.0 213.0 -319.40146657907746 -304.4198310236895 441.2354736328125
422.0 213.0 -188.31985659443612 -233.0895392656538 299.6582946777344
438.0 213.0 -61.19339225621893 9.856706758440694 61.98214340209961
454.0 213.0 92.76215891183824 195.5872858978966 216.46986389160156
470.0 213.0 428.78985231759157 221.85988243871972 482.7862243652344
486.0 213.0 526.0728757205383 38.17594716576462 527.4562377929688
502.0 213.0 -38.11431094062066 -83.96158498212706 92.20763397216797
518.0 213.0 -720.1152224311754 -459.134993268671 854.0321044921875
22.0 229.0 -360.80316783553593 -76.1720255830647 368.75616455078125
38.0 229.0 -162.0204709942732 26.572514313270545 164.18505859375
54.0 229.0 78.22453539380292 125.28975307174535 147.70443725585938
70.0 229.0 245.9736366405581 465.8871987943605 526.8338623046875
86.0 229.0 79.44583052282518 110.38329706995385 136.0004119873047
102.0 229.0 41.79390395813691 -208.49863551329858 212.64620971679688
118.0 229.0 186.84196229411188 -438.08593544781536 476.2658996582031
134.0 229.0 310.707339082324 -465.1962621655523 559.4163208007812
150.0 229.0 546.7412459918021 -223.68162551474788 590.7279052734375
166.0 229.0 424.45140475382976 -1.495522328495709 424.45404052734375
182.0 229.0 56.22095014403491 189.93137637267228 198.0775604248047
198.0 229.0 18.538728207006706 117.85138178761618 119.30059814453125
214.0 229.0 53.72616551898023 -132.76504912361304 143.2238006591797
230.0 229.0 94.19229046470484 -231.3809942331011 249.81863403320312
246.0 229.0 212.90831134133572 -59.26011274911805 221.00160217285156
262.0 229.0 520.3186252352804 181.09183210067326 550.9317016601562
278.0 229.0 650.8480394146555 104.85110383564663 659.2396850585938
294.0 229.0 -46.979182365283116 -106.38566527657409 116.29682922363281
310.0 229.0 -335.1856601594673 -125.03325462991357 357.74676513671875
326.0 229.0 -422.31639037541845 116.5818674801866 438.1123962402344
342.0 229.0 -311.6795637824973 346.9321171292748 466.37542724609375
358.0 229.0 -267.73338004884437 231.95552688725772 354.2379455566406
374.0 229.0 -264.33285892423936 3.958886974831611 264.3625183105469
390.0 229.0 -227.86068213074228 -80.27252336848834 241.58677673339844
406.0 229.0 -302.3134332949 -200.25082193390827 362.6207580566406
422.0 229.0 -115.50888149021671 -134.13551746830174 177.01593017578125
438.0 229.0 108.94390641657742 158.87745725494966 192.64169311523438
454.0 229.0 298.91021535504757 181.24084262105941 349.5648193359375
470.0 229.0 418.0369665043579 45.73465747746697 420.5312805175781
486.0 229.0 289.06278023596343 32.299199827566575 290.8616943359375
502.0 229.0 -241.09599043840745 26.3513601874182 242.53179931640625
518.0 229.0 -443.4885300925979 -258.7843078319372 513.469970703125
22.0 245.0 -588.6903784751537 209.58314104016807 624.8851318359375
38.0 245.0 -337.2919484654985 41.800435178099114 339.8722229003906
54.0 245.0 -109.61131734310047 235.177841773748 259.4672546386719
70.0 245.0 9.909695764224663 505.355943934591 505.4530944824219
86.0 245.0 100.33191441294842 357.3149515987389 371.134033203125
102.0 245.0 57.714596206720024 -109.6297349730914 123.89371490478516
118.0 245.0 118.60265839905317 -354.39474920305724 373.714111328125
134.0 245.0 190.08198467591623 -391.28830944015124 435.01458740234375
150.0 245.0 309.82896248622814 -335.0931411621832 456.3785705566406
166.0 245.0 218.96450400916947 -110.66129127153941 245.3393096923828
182.0 245.0 31.02081893459686 133.84918693588307 137.3968505859375
198.0 245.0 32.86224753498842 221.63042112613783 224.05349731445312
214.0 245.0 89.33340593843351 85.64345333578109 123.75482940673828
230.0 245.0 119.97415214553321 -109.30304461349489 162.29896545410156
246.0 245.0 171.36792504532465 -35.743604871528866 175.055908203125
262.0 245.0 269.27871054287164 131.0677202351654 299.4825134277344
278.0 245.0 147.7886014727804 180.85281509134091 233.55772399902344
294.0 245.0 -29.104895946244046 1.0074286803496162 29.122325897216797
310.0 245.0 -238.54885509593564 -80.03472783349837 251.61700439453125
326.0 245.0 -360.37910099171495 121.53733814169507 380.32147216796875
342.0 245.0 -332.2456022092245 294.14886263701715 443.7462158203125
358.0 245.0 -304.62319261493144 226.82471010042713 379.795654296875
374.0 245.0 -219.82268268964276 102.57473667868643 242.5769805908203
390.0 245.0 -191.88686199285831 212.7293433518039 286.4862060546875
406.0 245.0 -326.9191459491339 182.24277987313337 374.2840576171875
422.0 245.0 -97.30199959599972 63.52850881387818 116.20478057861328
438.0 245.0 195.08219205099513 180.12657302721993 265.5233459472656
454.0 245.0 291.33655065251867 173.75665619704972 339.21728515625
470.0 245.0 123.45457427068155 -54.323468343096415 134.87799072265625
486.0 245.0 -210.23186919279507 -40.56810332339304 214.1102752685547
502.0 245.0 -602.4148874568662 -71.63430415208413 606.6589965820312
518.0 245.0 -380.6646998147773 -256.86180244781013 459.22064208984375
22.0 261.0 -412.5898381143267 323.52290436252173 524.306640625
38.0 261.0 -202.43679775534176 108.57454889834585 229.71524047851562
54.0 261.0 -92.60331106061932 239.23139970458897 256.52880859375
70.0 261.0 -174.91215719490359 441.14249124067203 474.5534362792969
86.0 261.0 -64.95875431992152 523.3371993714834 527.353271484375
102.0 261.0 236.57254236575292 408.9628459530127 472.4586486816406
118.0 261.0 168.12881735424702 106.81237752107906 199.18881225585938
134.0 261.0 113.71529932271604 -180.02207530531393 212.92984008789062
150.0 261.0 65.36013172781206 -365.23938838787706 371.04144287109375
166.0 261.0 83.75317418036863 -238.59073743288445 252.86386108398438
182.0 261.0 60.74968168573815 89.22084139755394 107.93925476074219
198.0 261.0 161.7080203038003 263.0456191771567 308.7757873535156
214.0 261.0 215.85466217763482 199.23911229673467 293.75067138671875
230.0 261.0 94.54704882657549 34.87175532149726 100.77293395996094
246.0 261.0 -70.47282607688487 -31.21167710475374 77.07521057128906
262.0 261.0 -150.0582119385421 123.30488793850346 194.22039794921875
278.0 261.0 -226.89104486897998 162.272278092539 278.9477233886719
294.0 261.0 -145.21749354446325 -147.98121185255263 207.33200073242188
310.0 261.0 13.070795930698893 -180.73166071911524 181.2036895751953
326.0 261.0 -13.052783056096501 180.38418353733826 180.85581970214844
342.0 261.0 -116.12321361861177 410.9714691440661 427.0622253417969
358.0 261.0 -124.04037397082581 338.33250080933726 360.3538513183594
374.0 261.0 -164.09407753768573 280.02848070856555 324.5655822753906
390.0 261.0 -123.67819129322831 432.08887663755957 449.44085693359375
406.0 261.0 -83.09142320624224 445.1181708246708 452.8072204589844
422.0 261.0 -33.88700363628027 201.7408872124856 204.567138671875
438.0 261.0 -17.545365988540652 81.90535206107577 83.76351928710938
454.0 261.0 -124.40123585924655 53.68483535230723 135.49069213867188
470.0 261.0 -203.75100739517865 -106.20730667463297 229.7704620361328
486.0 261.0 -296.1203555939075 -37.09558030415855 298.434814453125
502.0 261.0 -202.14995300902257 -52.64680601674926 208.89300537109375
518.0 261.0 -97.1031914610014 -351.8453341141469 364.9988708496094
22.0 277.0 -139.45695114952412 209.05573393333427 251.30169677734375
38.0 277.0 18.69885575181252 97.0517143968356 98.8366470336914
54.0 277.0 316.28312097560564 -49.437240670859715 320.1235046386719
70.0 277.0 89.5913258329927 329.30966796261504 341.2791442871094
86.0 277.0 -101.36915042093321 519.6901222947521 529.4841918945312
102.0 277.0 285.80555365980126 654.878703500467 714.5284423828125
118.0 277.0 370.13055370796025 457.181048743224 588.2271118164062
134.0 277.0 164.20734834810952 -55.1416685721383 173.21852111816406
150.0 277.0 75.09887249370388 -321.95470469827023 330.5974426269531
166.0 277.0 -33.646855485515765 -292.41597971626413 294.34539794921875
182.0 277.0 -33.35273195474957 117.22407001277134 121.87652587890625
198.0 277.0 161.9920876217149 254.78833059447328 301.9247131347656
214.0 277.0 192.24274310562026 266.63646409125073 328.71307373046875
230.0 277.0 -8.92042380741783 178.32378774546004 178.54676818847656
246.0 277.0 -310.1098009773493 -46.14234008037204 313.52386474609375
262.0 277.0 -532.7671860812172 -98.71662084007158 541.8356323242188
278.0 277.0 -389.5130455395623 150.14441323394854 417.4490966796875
294.0 277.0 -13.227207780830069 -388.0724520881938 388.2978210449219
310.0 277.0 119.69550221275176 -314.1489408230646 336.17938232421875
326.0 277.0 84.02432534774279 346.8257090961576 356.8587341308594
342.0 277.0 20.477341219454075 513.0273449611136 513.4358520507812
358.0 277.0 5.904397720657611 576.6015215049019 576.6317749023438
374.0 277.0 -101.2543764281288 465.6776852731487 476.55865478515625
390.0 277.0 -110.95547134313652 409.7098681728334 424.46826171875
406.0 277.0 48.82763082116483 452.57977445647873 455.2060852050781
422.0 277.0 80.06708622451667 337.52732745216434 346.89398193359375
438.0 277.0 -171.78844714604188 112.20334973949818 205.18495178222656
454.0 277.0 -330.5056889688199 -32.855453624408085 332.1347351074219
470.0 277.0 -295.92005531278375 -140.68632829824455 327.6603698730469
486.0 277.0 -177.2678305922354 -81.24984167782031 195.00108337402344
502.0 277.0 139.8530071809998 -83.4828247928087 162.87493896484375
518.0 277.0 340.2164393869452 -237.58432315933896 414.96209716796875
22.0 293.0 -15.52692666212945 48.68644409072433 51.10240173339844
38.0 293.0 215.48098533655474 -293.79549467947817 364.3457946777344
54.0 293.0 350.18225786432293 -422.88399512005157 549.0523681640625
70.0 293.0 219.24918876595015 123.64983456867533 251.71310424804688
86.0 293.0 -59.50671580898568 415.8255474527242 420.06182861328125
102.0 293.0 -15.720990884316889 534.0787588014119 534.31005859375
118.0 293.0 344.0102673693575 431.3772093561259 551.7511596679688
134.0 293.0 220.32582374088298 174.05012736171733 280.77911376953125
150.0 293.0 53.657952145463035 -17.198391449154947 56.34678649902344
166.0 293.0 -118.62187101159932 31.167446310808945 122.64810943603516
182.0 293.0 -143.26210096020094 230.9379421950739 271.7652587890625
198.0 293.0 25.575423787891083 276.0884033832516 277.27044677734375
214.0 293.0 93.46882921451562 374.76531673920584 386.2453308105469
230.0 293.0 -117.34346863118901 344.2209895885375 363.67236328125
246.0 293.0 -347.4837478774688 -105.6420129475626 363.1875305175781
262.0 293.0 -429.5200124511769 -627.6358089650622 760.5354614257812
278.0 293.0 -93.53594832192388 -459.05253475288464 468.4850158691406
294.0 293.0 150.43595790766423 -518.6299340099347 540.0073852539062
310.0 293.0 197.44928842915127 -377.49073483295 426.0111083984375
326.0 293.0 158.2749861536192 -39.214523944016946 163.06057739257812
342.0 293.0 145.17817077084575 593.2677776856793 610.7727661132812
358.0 293.0 118.33348090815396 679.8212590009396 690.0432739257812
374.0 293.0 -42.41514654367787 263.94180245033004 267.328125
390.0 293.0 -49.120017668178136 22.230165122906445 53.91619873046875
406.0 293.0 -10.103010398774693 338.9214217867752 339.07196044921875
422.0 293.0 11.819498900436308 428.7226547526846 428.88555908203125
438.0 293.0 -185.00401448028424 166.5451010532112 248.92520141601562
454.0 293.0 -247.9120369844541 59.94918513976527 255.05740356445312
470.0 293.0 -132.5318439662954 52.582479643532174 142.58192443847656
486.0 293.0 30.161638202010604 -77.64831147180173 83.30056762695312
502.0 293.0 237.0322411980398 -125.81035711284295 268.35150146484375
518.0 293.0 186.42612707617877 85.76403091874724 205.20762634277344
22.0 309.0 373.19494857613154 -344.74853304483906 508.06103515625
38.0 309.0 500.2452217330173 -686.2444543651485 849.2212524414062
54.0 309.0 408.5036993064684 -630.3802811180407 751.1688232421875
70.0 309.0 280.5150516333849 -275.7658729563116 393.3643493652344
86.0 309.0 75.6144980977906 230.30113175182936 242.39671325683594
102.0 309.0 3.7493539255982506 175.24834734563385 175.2884521484375
118.0 309.0 -83.45250674970835 44.36889946078853 94.51412963867188
134.0 309.0 -195.75775604825822 87.12136199599546 214.26905822753906
150.0 309.0 -244.89441230707018 84.53397312150943 259.0738525390625
166.0 309.0 -261.88517941896947 150.70183990832524 302.15045166015625
182.0 309.0 -234.34638567024265 254.43072705391157 345.9092712402344
198.0 309.0 -200.8155296288598 228.58828229696067 304.2687683105469
214.0 309.0 -100.14181080305794 360.8426113075711 374.4806823730469
230.0 309.0 -32.714601651508445 386.5544148729887 387.936279296875
246.0 309.0 -309.1563522722057 -280.54136227154163 417.4698791503906
262.0 309.0 -348.58656909688057 -917.9592369442373 981.9173583984375
278.0 309.0 -153.71654185908463 -738.1594205818338 753.9947509765625
294.0 309.0 44.512054992032674 -559.6089238513088 561.3764038085938
310.0 309.0 67.71536574887199 -444.2530880894906 449.38421630859375
326.0 309.0 119.13321827400216 -503.352144378305 517.2582397460938
342.0 309.0 164.64148273953174 -99.05768027062481 192.143798828125
358.0 309.0 200.77798662506373 331.9404213660504 387.9384460449219
374.0 309.0 -163.05020538486292 -671.4229497270711 690.9371337890625
390.0 309.0 -56.93519686459273 -590.3421238293621 593.081298828125
406.0 309.0 -133.18450001346167 172.15613402225628 217.65992736816406
422.0 309.0 -141.83245018666904 273.6503384530999 308.22222900390625
438.0 309.0 -93.59013399872678 143.66461293283663 171.46029663085938
454.0 309.0 85.35677138199206 154.90646426365342 176.86659240722656
470.0 309.0 462.9683624486236 297.840087202804 550.4983520507812
486.0 309.0 571.998137764004 74.35514430932889 576.8106689453125
502.0 309.0 163.37770429509987 -121.49202465144027 203.5990753173828
518.0 309.0 -367.3950196308148 35.526564777173604 369.10870361328125
