22.0 21.0 -186.22849929148532 328.35634050924165 377.4903259277344
38.0 21.0 -149.09106294454926 -202.96577167967985 251.83973693847656
54.0 21.0 -164.6226806242933 -114.44440847288462 200.49476623535156
70.0 21.0 2.653800932743449 229.94863303642077 229.9639434814453
86.0 21.0 313.7244991178686 85.54155344496394 325.1775207519531
102.0 21.0 507.8101507314562 -70.0933182650097 512.6248168945312
118.0 21.0 416.4948486490609 -425.5016686481448 595.41552734375
134.0 21.0 94.63999155324046 -699.6961319578105 706.0675659179688
150.0 21.0 99.28301218966024 -788.7995694551483 795.023193359375
166.0 21.0 421.11111299151463 -826.2622944520075 927.3855590820312
182.0 21.0 498.8009498924207 -330.7627057740071 598.50341796875
198.0 21.0 396.702137774696 -102.80996504210118 409.807861328125
214.0 21.0 272.19685615640583 -127.68636074190132 300.6575012207031
230.0 21.0 -55.77918968568755 -80.76399824602369 98.1536636352539
246.0 21.0 -569.3554159483263 186.95459202619278 599.2642211914062
262.0 21.0 -287.28424158916334 195.2269930665486 347.341064453125
278.0 21.0 72.28704992804514 443.9682259389496 449.81463623046875
294.0 21.0 210.97565210980034 494.72916825501034 537.8361206054688
310.0 21.0 30.576726263718022 370.8727677356471 372.1310729980469
326.0 21.0 -141.7149605003059 381.4050853505191 406.88201904296875
342.0 21.0 12.566748603390437 480.8928292880561 481.0570068359375
358.0 21.0 213.89299277598246 339.1257155914145 400.9444580078125
374.0 21.0 141.19305170660596 165.7077212609267 217.7028350830078
390.0 21.0 -66.96314865963599 138.8069998932899 154.1150360107422
406.0 21.0 -102.56170813588523 -98.20868073833196 141.9994659423828
422.0 21.0 170.90606578167728 -262.87602243446395 313.5485534667969
438.0 21.0 514.6337442143777 -48.079502691060384 516.874755859375
454.0 21.0 672.829216537786 -110.80732325573439 681.8925170898438
470.0 21.0 707.5211145994117 -64.88307276178396 710.4899291992188
486.0 21.0 636.7975516942388 -63.67767591510193 639.973388671875
502.0 21.0 240.21857567449692 -222.7762102676743 327.6189880371094
518.0 21.0 -334.4983478852039 -354.1122912523 487.1187438964844
22.0 37.0 18.35878982046808 122.42312850636476 123.79203033447266
38.0 37.0 -173.62751900587452 -7.82690483823827 173.80384826660156
54.0 37.0 -355.08395761762614 69.47251090916933 361.8163146972656
70.0 37.0 -206.27146654737683 219.0877278332955 300.9108581542969
86.0 37.0 19.632658679973186 -17.591514668183805 26.361005783081055
102.0 37.0 191.055525782057 -232.69954586500012 301.0835266113281
118.0 37.0 229.74970923517463 -262.70322142817554 348.9955749511719
134.0 37.0 104.12072071653746 -321.74527667417135 338.1732482910156
150.0 37.0 5.336113584619254 -734.2644625994486 734.2838745117188
166.0 37.0 160.77361426594615 -622.0502553328656 642.490966796875
182.0 37.0 197.21148323584558 -280.9107972813484 343.2247619628906
198.0 37.0 355.5839726688017 -300.68108440053277 465.6705627441406
214.0 37.0 347.11947682619746 -298.4886186896628 457.8071594238281
230.0 37.0 -64.64290592525256 -57.73045368230799 86.6689682006836
246.0 37.0 -284.28243100619386 86.15155864326165 297.0498046875
262.0 37.0 -220.8174396915107 172.53525200782695 280.2298278808594
278.0 37.0 -208.9956004295988 470.0230616373668 514.3936767578125
294.0 37.0 -183.52854267044034 483.4242128418705 517.0896606445312
310.0 37.0 -212.8436535165259 458.7867402736189 505.75457763671875
326.0 37.0 -141.9578476350944 601.8802470626022 618.3945922851562
342.0 37.0 151.27819299098618 597.517486013731 616.3702392578125
358.0 37.0 455.9461046488874 424.45152681622585 622.933349609375
374.0 37.0 471.301016672778 202.2856473441951 512.8782958984375
390.0 37.0 237.93513817190856 10.84643305248123 238.18223571777344
406.0 37.0 -19.9737234774467 -542.7530902484617 543.1204833984375
422.0 37.0 -75.35484558215933 -635.2922038266435 639.7456665039062
438.0 37.0 -0.2368959793270673 -314.2064185569965 314.2065124511719
454.0 37.0 -54.63944215600457 -321.72821936282236 326.3349609375
470.0 37.0 4.938583323354721 -193.30567652675083 193.36875915527344
486.0 37.0 198.10356717444338 -110.87774662830208 227.0218048095703
502.0 37.0 281.254910646381 -125.32440321209498 307.9131774902344
518.0 37.0 87.44851913725917 -242.18410463779983 257.4886169433594
22.0 53.0 31.626533004984065 -129.53417996186522 133.33920288085938
38.0 53.0 -203.63474254987946 45.77627269533631 208.71649169921875
54.0 53.0 -274.8307148727933 37.45751777478249 277.37158203125
70.0 53.0 -99.38006045970805 47.50257743050268 110.14940643310547
86.0 53.0 97.06882093467021 94.9492990208107 135.78558349609375
102.0 53.0 114.33735824967191 -86.42741496494307 143.3273468017578
118.0 53.0 105.09553599645236 -18.687677836200884 106.74409484863281
134.0 53.0 99.41869114142244 33.038521997683894 104.76459503173828
150.0 53.0 53.63005841197697 -135.9681552436261 146.16265869140625
166.0 53.0 101.09161308245591 -145.46263388449592 177.14088439941406
182.0 53.0 124.55706489272325 -186.0777242594438 223.91824340820312
198.0 53.0 433.23910232060734 -625.4709868501618 760.8613891601562
214.0 53.0 253.26124957525687 -314.8251940239328 404.0497131347656
230.0 53.0 -144.9492082727159 -27.34769861191542 147.50650024414062
246.0 53.0 -172.44377275471612 68.80056299868038 185.6619873046875
262.0 53.0 -144.29516781114805 172.5620728721821 224.9416961669922
278.0 53.0 -196.77360558508423 258.996823725467 325.2679138183594
294.0 53.0 -227.4527763455561 267.4629628827517 351.0999755859375
310.0 53.0 -250.99663940858937 393.1583111124991 466.44696044921875
326.0 53.0 -37.04682456458747 404.0678299023489 405.7626037597656
342.0 53.0 355.3545509391549 386.22823304201637 524.8324584960938
358.0 53.0 427.8648682703885 300.2117016783046 522.6809692382812
374.0 53.0 357.856245297646 134.7583328712825 382.388427734375
390.0 53.0 193.01026550498128 27.444563090307998 194.9517059326172
406.0 53.0 -145.9157164528519 -277.7919193664357 313.782958984375
422.0 53.0 -349.73525537210116 -522.8889601063356 629.06884765625
438.0 53.0 -378.78358676287286 -317.74768049420027 494.4093322753906
454.0 53.0 -722.8920340082318 -396.613221223751 824.5452880859375
470.0 53.0 -700.1614593200952 -383.46765696206063 798.2941284179688
486.0 53.0 -281.69958157524945 -202.29690600219067 346.81219482421875
502.0 53.0 132.94073895067967 -33.67542313530979 137.13961791992188
518.0 53.0 362.5412073346572 -56.24483330969485 366.8782043457031
22.0 69.0 -55.43905890133929 -152.39738802804115 162.16798400878906
38.0 69.0 -47.13977263925888 29.258521624270415 55.4817008972168
54.0 69.0 -17.151559870368292 7.454845306520628 18.701623916625977
70.0 69.0 13.337044207381865 88.1119312165942 89.11559295654297
86.0 69.0 106.19318788794932 220.38400569297434 244.63462829589844
102.0 69.0 106.56094632611426 155.10374538480852 188.1818389892578
118.0 69.0 140.0218323555979 144.26251257543265 201.041748046875
134.0 69.0 144.65416828868896 164.96816295071397 219.40675354003906
150.0 69.0 152.4888792429967 76.18315086628645 170.46034240722656
166.0 69.0 148.15614448943236 -23.454977683214604 150.0012664794922
182.0 69.0 100.72861592076659 -388.4609342448322 401.30804443359375
198.0 69.0 107.88771586358574 -558.8757826840293 569.194091796875
214.0 69.0 -171.81817798671185 -229.00224471983225 286.2926940917969
230.0 69.0 -415.8729599786014 -49.0627804683353 418.7570495605469
246.0 69.0 -274.65999438435506 58.3170667697465 280.7828063964844
262.0 69.0 -114.07772297422609 34.276594243964944 119.11595916748047
278.0 69.0 -19.920188394172733 20.459515914316295 28.555309295654297
294.0 69.0 32.47872189696383 177.03100160132743 179.9856719970703
310.0 69.0 8.03704598092949 263.85134484705765 263.9737243652344
326.0 69.0 -6.7521159743855845 -18.94600695276908 20.113235473632812
342.0 69.0 66.58809580239803 -72.43362662438261 98.39006805419922
358.0 69.0 155.15841289404048 227.67435272485955 275.5172424316406
374.0 69.0 87.98527544561324 150.36662589361643 174.21690368652344
390.0 69.0 -43.129142652447065 97.1033525752413 106.25057220458984
406.0 69.0 -54.75111378555448 -104.3733167728555 117.86209869384766
422.0 69.0 -155.4669065360699 -204.32284728087959 256.7445983886719
438.0 69.0 -566.5342508619578 -2.5695332410751677 566.5401000976562
454.0 69.0 -559.3144612632636 -42.147402002368224 560.9002075195312
470.0 69.0 -726.46043316783 -158.9831444369056 743.6534423828125
486.0 69.0 -587.0469872924887 -230.04470208914645 630.511474609375
502.0 69.0 -321.74534198589294 -289.4583331575037 432.7888488769531
518.0 69.0 215.04534317202513 -358.9059749929777 418.3993225097656
22.0 85.0 -222.4837117815198 -42.12475955248948 226.4365234375
38.0 85.0 -13.176537169436426 -27.165546501190587 30.192516326904297
54.0 85.0 103.3822656439545 82.28863433156623 132.13369750976562
70.0 85.0 47.84605624450109 220.57758889909005 225.7071533203125
86.0 85.0 82.50272554349708 263.7753540288931 276.3768005371094
102.0 85.0 106.3082026251531 191.4066611936834 218.94735717773438
118.0 85.0 187.81340168575827 108.74981554891352 217.02626037597656
134.0 85.0 290.2307734249751 171.60831042983585 337.1695556640625
150.0 85.0 286.5453110677533 149.83061505786733 323.3534240722656
166.0 85.0 195.7902177436132 1.117490002221015 195.7934112548828
182.0 85.0 -34.408039053505725 -179.16807088921345 182.44207763671875
198.0 85.0 -172.1995571522435 -365.1067373945008 403.6776123046875
214.0 85.0 -276.55314954588545 -238.22453796801545 365.0103759765625
230.0 85.0 -469.5016684176114 -72.19595159447007 475.02008056640625
246.0 85.0 -318.859203837401 29.978824220819924 320.265380859375
262.0 85.0 -21.33925487937315 -103.11106101447234 105.29603576660156
278.0 85.0 271.58766820057133 -271.75028199867245 384.1979675292969
294.0 85.0 359.01315521762615 35.592039615015985 360.7731018066406
310.0 85.0 309.1227017384939 33.71864260146584 310.9562683105469
326.0 85.0 72.89084812982696 -262.4734677189463 272.40667724609375
342.0 85.0 -133.34705424824483 -318.92734094757236 345.68206787109375
358.0 85.0 -164.79536600408923 -87.85116116599777 186.74940490722656
374.0 85.0 -158.61331407755875 22.98732570749718 160.27040100097656
390.0 85.0 -88.62872796114713 -0.8403371133088895 88.6327133178711
406.0 85.0 183.11851904730406 -92.71291771878722 205.25125122070312
422.0 85.0 228.6061809191721 6.885217669084005 228.7098388671875
438.0 85.0 -79.99269831018852 229.95936438935945 243.47512817382812
454.0 85.0 -233.64345102687167 293.8953290083929 375.45135498046875
470.0 85.0 -308.2182131709826 76.5301108514214 317.5772705078125
486.0 85.0 -380.23536385077347 -116.97137876481465 397.82061767578125
502.0 85.0 -331.0779343589153 -407.15047816395446 524.7705078125
518.0 85.0 -44.93754809167717 -746.2737202076871 747.62548828125
22.0 101.0 -246.73924957144223 44.29641650113828 250.68392944335938
38.0 101.0 -44.573462987026616 105.36402906658375 114.40442657470703
54.0 101.0 117.47902710531714 147.23212750345712 188.35769653320312
70.0 101.0 183.52874804152012 172.22118571568657 251.68023681640625
86.0 101.0 307.47708850641095 71.53307494375119 315.6883544921875
102.0 101.0 336.30280050626556 89.72859574691408 348.0672302246094
118.0 101.0 204.91637489400821 -60.18060315028809 213.57066345214844
134.0 101.0 165.604024338214 -14.124049689260548 166.2052459716797
150.0 101.0 208.54814543780523 155.98680335008106 260.4308166503906
166.0 101.0 124.8053361115764 54.641574221066655 136.24270629882812
182.0 101.0 -13.80336421694155 -33.01243729210517 35.78203201293945
198.0 101.0 7.637176929073647 -230.19945135812398 230.32611083984375
214.0 101.0 -229.95263727146045 -165.7436726570865 283.4593200683594
230.0 101.0 -374.84290123858653 -32.982475924847385 376.2911682128906
246.0 101.0 -119.94571110864848 9.285308838231183 120.30457305908203
262.0 101.0 230.66087791794482 -138.7258848058292 269.1640930175781
278.0 101.0 395.88289155868137 -202.5033239351939 444.66937255859375
294.0 101.0 342.85708526743986 7.562689536179792 342.94049072265625
310.0 101.0 344.277077688515 -102.99542845918913 359.353271484375
326.0 101.0 101.56268180083747 -223.56494274956881 245.552978515625
342.0 101.0 -148.96912273889262 -348.00217260858955 378.54632568359375
358.0 101.0 -214.08077926847832 -295.10739159946513 364.58050537109375
374.0 101.0 -193.20897063665146 -58.18631143874886 201.78045654296875
390.0 101.0 -34.246203056848316 -67.52403354705191 75.7119369506836
406.0 101.0 342.56405663773194 -106.94273597239759 358.868896484375
422.0 101.0 511.39383382681996 83.72150068195306 518.20166015625
438.0 101.0 156.40544505482077 303.4884279567968 341.42041015625
454.0 101.0 -129.2749430824033 213.35404860100465 249.46334838867188
470.0 101.0 -210.72726507896627 85.07420483731413 227.25228881835938
486.0 101.0 -220.4751910408558 -60.50563466573877 228.62686157226562
502.0 101.0 -113.91262252516528 -354.3394723642936 372.1996154785156
518.0 101.0 -40.32584552302653 -717.4671136247335 718.5994873046875
22.0 117.0 -42.621119089155854 137.2833738493613 143.74729919433594
38.0 117.0 98.39282235410234 284.7824730777646 301.30084228515625
54.0 117.0 155.31996616081366 114.45247207332297 192.93434143066406
70.0 117.0 152.97435868268786 110.5680905232825 188.74972534179688
86.0 117.0 262.6550818114993 42.24777493652251 266.0311279296875
102.0 117.0 274.1770575166411 23.666882407217848 275.1966247558594
118.0 117.0 33.90712546863248 -87.53622588187486 93.87376403808594
134.0 117.0 -234.50046715229385 -307.90480400208656 387.03466796875
150.0 117.0 -69.09223649388763 44.085122366560356 81.958740234375
166.0 117.0 18.476114834307737 182.506984389257 183.4398193359375
182.0 117.0 152.9376998466536 -63.28555615541632 165.5143585205078
198.0 117.0 403.5564548942583 -160.184652387231 434.18536376953125
214.0 117.0 129.24912685553787 16.41532151398077 130.28736877441406
230.0 117.0 -34.96870004142914 -44.04049977997204 56.23500442504883
246.0 117.0 223.63733949231582 -122.00011791125453 254.750244140625
262.0 117.0 386.2539666454666 -226.67276284796182 447.8533935546875
278.0 117.0 248.43134623864879 -126.9627083236234 278.9940185546875
294.0 117.0 105.36214795344948 -17.27273845980343 106.7685775756836
310.0 117.0 -6.32779006703429 -15.179545445856032 16.445653915405273
326.0 117.0 -302.1720232210252 121.64829581356236 325.7395324707031
342.0 117.0 -372.3958025646456 -175.77364678651986 411.79486083984375
358.0 117.0 -339.8527012655917 -266.00059435539913 431.5740661621094
374.0 117.0 -255.48394207236066 -77.00165797674465 266.8357238769531
390.0 117.0 -111.77443883772077 -84.74985036065276 140.27139282226562
406.0 117.0 141.58417266322726 -96.96685075965077 171.6060791015625
422.0 117.0 299.3751420419049 142.83598244052894 331.7040710449219
438.0 117.0 206.88508255949645 292.02291324789616 357.8810119628906
454.0 117.0 -82.53529042386883 178.9097652351059 197.02989196777344
470.0 117.0 -181.28557082217475 31.962387625381723 184.08164978027344
486.0 117.0 -91.07117646577711 -118.55824689729792 149.4992218017578
502.0 117.0 8.225137003619238 -277.22374411821795 277.3457336425781
518.0 117.0 -110.79789014905782 -302.9885786905758 322.6116027832031
22.0 133.0 380.1927441126869 111.97290279841914 396.33880615234375
38.0 133.0 627.9615339000427 229.55619598780535 668.6043090820312
54.0 133.0 248.9316352351812 138.50388029290784 284.868896484375
70.0 133.0 69.68635503351803 197.44701760143712 209.38365173339844
86.0 133.0 140.80822839635223 112.07742562024032 179.96751403808594
102.0 133.0 206.47958418899358 -38.254068088993314 209.99331665039062
118.0 133.0 179.1077618798034 -102.50886637211559 206.36776733398438
134.0 133.0 -25.030629266142615 -171.14889788523254 172.96958923339844
150.0 133.0 -205.28434103343412 -24.19241131184417 206.70494079589844
166.0 133.0 -182.84996811493068 2.974879247109129 182.87416076660156
182.0 133.0 8.488244464656752 -220.9624549661969 221.12542724609375
198.0 133.0 142.3194226269874 -182.80947227670217 231.6767578125
214.0 133.0 280.27999339668173 -30.171706049582646 281.8992919921875
230.0 133.0 412.10280518882195 -72.70633541119523 418.4673767089844
246.0 133.0 492.42730743415257 -181.30293585099798 524.7431640625
262.0 133.0 410.16541222650875 -279.67010110742757 496.4383544921875
278.0 133.0 7.723392607401891 -195.45113861928252 195.6036834716797
294.0 133.0 -293.558343135698 -119.52720751254742 316.9593811035156
310.0 133.0 -399.48063476367923 -60.54092106751307 404.04205322265625
326.0 133.0 -388.72713128478745 83.52454241565944 397.5992126464844
342.0 133.0 -468.17297990773807 55.7439751663255 471.4799499511719
358.0 133.0 -467.73330357137866 -66.18084665244777 472.39215087890625
374.0 133.0 -263.1038658513818 -100.69352264576705 281.7140808105469
390.0 133.0 -117.6982412952035 -149.30253510205534 190.11607360839844
406.0 133.0 -2.7004335288004433 -35.83964273129138 35.94123458862305
422.0 133.0 76.08627864080363 101.73200154812564 127.03748321533203
438.0 133.0 128.69009829727497 150.25594241872406 197.83323669433594
454.0 133.0 80.8532115727564 158.56874791949724 177.9923858642578
470.0 133.0 -17.984684754551907 -41.11224657021744 44.87388610839844
486.0 133.0 -54.7242028912157 -173.02162975279546 181.46961975097656
502.0 133.0 -77.40735826963294 -262.09496974742564 273.28680419921875
518.0 133.0 -124.39720651757175 -351.81926480190305 373.16412353515625
22.0 149.0 566.6574942113471 135.86186156215965 582.717041015625
38.0 149.0 580.9577475026192 288.0496575952927 648.44775390625
54.0 149.0 155.85652388674308 201.99279832955796 255.13201904296875
70.0 149.0 74.90820829689994 275.050862150399 285.06878662109375
86.0 149.0 74.59488820561057 161.80570776679957 178.17262268066406
102.0 149.0 41.16110393331993 -57.639675874267475 70.8277359008789
118.0 149.0 -84.81336744970767 -17.26773749670201 86.5533447265625
134.0 149.0 -260.4419863963087 80.82804465597206 272.6961669921875
150.0 149.0 -308.88655994883646 -10.751711437729485 309.0736389160156
166.0 149.0 -321.49972074160127 -333.5284224679554 463.2529296875
182.0 149.0 -165.13774676414351 -300.08031514221636 342.51812744140625
198.0 149.0 -60.279350208355254 -173.40450832984902 183.58302307128906
214.0 149.0 139.5388178907935 -190.70603550060164 236.30462646484375
230.0 149.0 459.4152293945534 -213.46286839040258 506.58538818359375
246.0 149.0 552.099800871943 -130.5305901109504 567.3203735351562
262.0 149.0 345.33136173442756 -73.1903785322193 353.0022277832031
278.0 149.0 -105.2125478593548 -110.94256069341527 152.8984375
294.0 149.0 -388.1910566386787 -190.0615154316568 432.2218017578125
310.0 149.0 -323.7988624762302 -248.1914484600126 407.9763488769531
326.0 149.0 -325.02450365119137 -76.69818785637467 333.951416015625
342.0 149.0 -439.8454543214776 103.3657378073671 451.82794189453125
358.0 149.0 -200.57859191045605 -140.82347189370415 245.07757568359375
374.0 149.0 3.108669562756667 -117.19186805777184 117.23309326171875
390.0 149.0 -16.244220738572206 -102.42069365603531 103.70088195800781
406.0 149.0 18.345810160107582 -134.32376512920152 135.57080078125
422.0 149.0 32.85494219229995 -56.70285937380704 65.5336685180664
438.0 149.0 -34.458204440472144 9.451535340763401 35.73093032836914
454.0 149.0 -104.99702793000012 27.481739151873384 108.53396606445312
470.0 149.0 -57.692296364936254 -111.05114390201197 125.14295196533203
486.0 149.0 -104.84862208544038 -210.70657251686848 235.3518524169922
502.0 149.0 -194.232105256417 -304.434824840624 361.11865234375
518.0 149.0 -186.3691944470831 -459.60482582172494 495.9537048339844
22.0 165.0 -0.9038637727172307 239.37319260443988 239.37489318847656
38.0 165.0 170.07721003770305 368.2550911229596 405.6329345703125
54.0 165.0 -45.53809233907322 143.4282485510571 150.48382568359375
70.0 165.0 -380.0599157631089 110.85217952181267 395.8961181640625
86.0 165.0 -283.65793660076946 184.89220303920064 338.5955505371094
102.0 165.0 -265.14203625833886 129.39249774652643 295.030029296875
118.0 165.0 -328.75102298575797 224.76080865595347 398.23944091796875
134.0 165.0 -366.7823197392196 269.3455035646938 455.05633544921875
150.0 165.0 -276.70123100595697 92.26627077688124 291.6789855957031
166.0 165.0 -204.49078947205183 -272.71017452347394 340.86260986328125
182.0 165.0 -277.6983248113556 -262.6638252281175 382.2416076660156
198.0 165.0 -199.3589202899894 -133.26589904370442 239.79945373535156
214.0 165.0 27.10216361837479 -238.91770428027698 240.44998168945312
230.0 165.0 134.10245257097608 -223.61150431655292 260.74041748046875
246.0 165.0 -69.97221706711228 15.81887603722772 71.73805236816406
262.0 165.0 17.291801471875043 233.0402080790754 233.6808624267578
278.0 165.0 -26.018138629497123 114.84976478151704 117.75997924804688
294.0 165.0 -147.4972905341438 -95.48315825714897 175.70567321777344
310.0 165.0 -198.29006809756706 -112.21392490306255 227.8396759033203
326.0 165.0 -273.778206920611 59.18951057771796 280.1033935546875
342.0 165.0 -140.384431249065 193.13231186477051 238.7632293701172
358.0 165.0 267.45035071451673 -263.5313793325382 375.47100830078125
374.0 165.0 295.11254213169445 -188.3565035310682 350.0993957519531
390.0 165.0 123.57735661817289 -106.79625892576372 163.33035278320312
406.0 165.0 70.52090399288484 -206.08706146984105 217.81890869140625
422.0 165.0 68.70795193518535 -132.74945680165558 149.47642517089844
438.0 165.0 -35.872215955280005 88.79638190220582 95.76853942871094
454.0 165.0 -171.73976353661746 40.88504756704333 176.53932189941406
470.0 165.0 -182.51350930899116 -152.4041907019829 237.7776641845703
486.0 165.0 -74.46535825387046 -253.5336654846604 264.2430725097656
502.0 165.0 -65.44551937252804 -289.36342954021876 296.67205810546875
518.0 165.0 -215.5197237518468 -260.79119339835404 338.320556640625
22.0 181.0 -228.12005603507484 178.41794818826983 289.60614013671875
38.0 181.0 8.76182220548934 205.42629091847908 205.61306762695312
54.0 181.0 -169.16639700375842 43.09907963234571 174.57032775878906
70.0 181.0 -471.3739428671237 8.86148465558382 471.4572448730469
86.0 181.0 -576.7413567925925 322.5717341116226 660.8200073242188
102.0 181.0 -454.9031749636905 380.49052175052486 593.0513916015625
118.0 181.0 -22.16252466342561 389.91832786365507 390.54766845703125
134.0 181.0 94.65277547038268 290.62414655811585 305.6493835449219
150.0 181.0 81.39681681336455 136.80919460720526 159.19232177734375
166.0 181.0 -33.51820212511516 -33.09484669788404 47.10348892211914
182.0 181.0 -261.0422968055519 -60.899952976954225 268.0520324707031
198.0 181.0 -238.37029671902783 -105.53006623418322 260.68560791015625
214.0 181.0 -79.82374117294812 -199.89518030481355 215.2438507080078
230.0 181.0 -153.76991349496092 -26.42057629680544 156.02317810058594
246.0 181.0 -321.6362773340107 170.9523076601898 364.2452392578125
262.0 181.0 -128.61614850570473 320.7520404851892 345.5777587890625
278.0 181.0 42.066515122936735 278.67344688284055 281.8305969238281
294.0 181.0 10.964385979938948 75.29446396560493 76.08859252929688
310.0 181.0 -74.36075347123814 57.94745514920934 94.27316284179688
326.0 181.0 51.655671493592614 187.1939277387093 194.1903076171875
342.0 181.0 397.61576031468877 420.2619787802098 578.5485229492188
358.0 181.0 645.9276398291892 170.66493666294105 668.0935668945312
374.0 181.0 479.85528570277165 -130.21696419268312 497.20977783203125
390.0 181.0 99.78238269712216 -211.48010057164183 233.83831787109375
406.0 181.0 -80.16377841204334 -280.0658965982234 291.3127746582031
422.0 181.0 24.280689841685508 -7.070541461126499 25.289216995239258
438.0 181.0 111.13521878978008 356.2907637973118 373.2213134765625
454.0 181.0 131.14951783765372 385.1979222062855 406.9123229980469
470.0 181.0 -37.25829290138321 -28.58180287843203 46.958492279052734
486.0 181.0 -23.214871304516247 -320.6220672208702 321.46142578125
502.0 181.0 20.592774866393317 -383.23078855644565 383.7836608886719
518.0 181.0 -193.08922679064403 -318.4312002195731 372.400146484375
22.0 197.0 72.95448697338873 169.0083172937256 184.0819549560547
38.0 197.0 11.1981095416888 152.3087467475148 152.7198486328125
54.0 197.0 -154.16830607945127 -11.582113539651058 154.60275268554688
70.0 197.0 -259.5124517070097 -9.595531747522559 259.6897888183594
86.0 197.0 -508.69650950163026 521.7122956462808 728.6671752929688
102.0 197.0 -462.1686253865884 446.78121673617227 642.8167114257812
118.0 197.0 -35.58249234836135 273.18862650576307 275.49615478515625
134.0 197.0 130.86215267106442 119.58391535026225 177.27159118652344
150.0 197.0 256.376763462491 96.11405449484532 273.8009338378906
166.0 197.0 191.08602154094095 268.1800096387586 329.29376220703125
182.0 197.0 -39.70049643688787 88.29892641009125 96.8133773803711
198.0 197.0 -204.17607227171987 -81.05669295376327 219.6771697998047
214.0 197.0 -255.44554508461235 -105.59056664158082 276.40875244140625
230.0 197.0 -265.92452314835623 107.43098718331827 286.8052673339844
246.0 197.0 -157.42492717925845 295.7757744374926 335.0610656738281
262.0 197.0 88.66159451348501 435.60023931034254 444.5317077636719
278.0 197.0 96.00333499985119 300.221369860337 315.19757080078125
294.0 197.0 150.91542112188984 118.82243414801617 192.07872009277344
310.0 197.0 248.96512067235997 74.1479329284316 259.7720947265625
326.0 197.0 458.5113048269589 187.03793899751335 495.19268798828125
342.0 197.0 777.4133528636055 437.20803701003865 891.9205932617188
358.0 197.0 804.3498454530758 489.3237659278713 941.4968872070312
374.0 197.0 293.236899435362 46.58929435493431 296.9148864746094
390.0 197.0 -235.98933464774035 -233.93230336830482 332.2879638671875
406.0 197.0 -449.50157689880047 -414.3021707407672 611.3084106445312
422.0 197.0 -208.05934704204736 31.571892657022012 210.44114685058594
438.0 197.0 76.8986334981593 343.57374796840594 352.0743103027344
454.0 197.0 289.664733850371 500.63196219832156 578.3926391601562
470.0 197.0 330.0548457943879 199.0662527032921 385.439453125
486.0 197.0 183.42921117008555 -278.10596605438406 333.1504211425781
502.0 197.0 -52.201776005903156 -384.5030914504771 388.0304870605469
518.0 197.0 -470.3967759535723 -370.7301803569904 598.9273681640625
22.0 213.0 -26.669993546460724 -60.725911259446356 66.32439422607422
38.0 213.0 94.7396925045117 126.03882106626618 157.67495727539062
54.0 213.0 244.71740377588443 -53.73358607000742 250.54721069335938
70.0 213.0 389.480420950162 -230.22920831536956 452.4383850097656
86.0 213.0 -114.94767770874226 303.9114877086382 324.9233093261719
102.0 213.0 -156.4279558790736 96.07167664180525 183.57415771484375
118.0 213.0 -17.76022944559487 -112.51679706580966 113.90985870361328
134.0 213.0 109.54536745808187 -167.1640824696716 199.86000061035156
150.0 213.0 291.65559178865016 -97.31718000488353 307.46319580078125
166.0 213.0 570.3996243739492 222.60605796881975 612.2982788085938
182.0 213.0 575.134925999079 130.97159612129843 589.8590698242188
198.0 213.0 129.69417460291308 -62.46526681953196 143.9530792236328
214.0 213.0 -152.78613437768226 -95.12214607229373 179.977294921875
230.0 213.0 -155.53530231182938 65.04505949635004 168.58851623535156
246.0 213.0 44.44986881665878 218.48028759722416 222.95611572265625
262.0 213.0 222.0366717634712 432.3938466529807 486.0707092285156
278.0 213.0 188.32620535556944 271.0504983584122 330.05322265625
294.0 213.0 132.08790450216762 47.16837760119008 140.2571563720703
310.0 213.0 197.41716621584192 32.87139987965667 200.13511657714844
326.0 213.0 308.50421069238695 128.80055789681728 334.3118896484375
342.0 213.0 424.48965966176223 251.195653236843 493.2450866699219
358.0 213.0 126.64788575001887 253.506161538328 283.3814697265625
374.0 213.0 -298.9862216480712 -95.23101911431976 313.78607177734375
390.0 213.0 -560.3028556062209 -311.02479143588704 640.83984375
406.0 213.0 -545.3278666325 -491.2752693524049 733.9849243164062
422.0 213.0 -285.7982982562412 -157.07216450460552 326.1170654296875
438.0 213.0 -69.80745844275273 83.42206028696442 108.77647399902344
454.0 213.0 125.75095869777027 110.61782738678548 167.48016357421875
470.0 213.0 405.44517163265596 53.618554436334854 408.9752197265625
486.0 213.0 424.53815762260587 -176.01714393437058 459.58099365234375
502.0 213.0 -19.743395052396735 -157.87908491126484 159.10879516601562
518.0 213.0 -283.00231493527804 -285.2024094219333 401.784423828125
22.0 229.0 -447.84743832848824 -110.92958746088846 461.38128662109375
38.0 229.0 -63.69035110257065 27.684738902934225 69.4471435546875
54.0 229.0 218.34779964960694 -44.570459668613786 222.85037231445312
70.0 229.0 270.42787754499983 145.3080824683663 306.9945983886719
86.0 229.0 256.6372972606282 246.4348906199924 355.79888916015625
102.0 229.0 104.98950134136693 -124.54976021188371 162.8970184326172
118.0 229.0 97.8468710676397 -275.34320304948017 292.2120666503906
134.0 229.0 262.49457538513246 -321.45238624081094 415.0120849609375
150.0 229.0 517.8495566837682 -329.4905873352319 613.78515625
166.0 229.0 646.5896481795289 -39.85857974162152 647.8170166015625
182.0 229.0 550.7590884485111 163.05752379720136 574.3895263671875
198.0 229.0 132.5436821244745 105.79976158962776 169.5919189453125
214.0 229.0 -111.51885258994886 -57.830876787858 125.62191009521484
230.0 229.0 -131.1608405530025 -73.34970927019869 150.27755737304688
246.0 229.0 89.11916148430241 26.19533024770313 92.88928985595703
262.0 229.0 329.09028548988283 111.73621628922481 347.54193115234375
278.0 229.0 345.2082723276787 148.2478831362681 375.69427490234375
294.0 229.0 119.70012592070789 49.09624071074628 129.37759399414062
310.0 229.0 -68.90663191666101 22.55507158164593 72.5041732788086
326.0 229.0 -174.04122155140553 45.34840056478755 179.85223388671875
342.0 229.0 -92.29836943654469 178.1777763212026 200.6646728515625
358.0 229.0 -223.8125281940817 154.89749128760687 272.1861267089844
374.0 229.0 -427.2036493498217 -218.0832280316433 479.6490783691406
390.0 229.0 -374.3271029024621 -284.5289086320642 470.18878173828125
406.0 229.0 -483.93722573531886 -398.18042337348646 626.6920166015625
422.0 229.0 -181.16223217865985 -242.4136566108993 302.62872314453125
438.0 229.0 131.3631263767772 8.387480850368439 131.630615234375
454.0 229.0 227.15602024230927 -39.883273062350824 230.63072204589844
470.0 229.0 458.5074905287016 -137.33697618108042 478.6340637207031
486.0 229.0 222.70778310377614 -77.83823579497346 235.91851806640625
502.0 229.0 -326.11444450267237 -11.248739215976816 326.3083801269531
518.0 229.0 -344.3508616254409 -196.14973493135676 396.29815673828125
22.0 245.0 -401.447715621154 167.39292529479266 434.94903564453125
38.0 245.0 -135.61738855730266 -96.41045674486612 166.39427185058594
54.0 245.0 79.68641129136523 114.09528230443858 139.167724609375
70.0 245.0 189.70172939790507 447.2205003761645 485.791015625
86.0 245.0 276.04204706193445 463.76869015779045 539.7041625976562
102.0 245.0 173.4582711659076 98.75858491681524 199.6021728515625
118.0 245.0 206.36096401516835 -154.15624041831674 257.5829772949219
134.0 245.0 328.83977645365513 -343.0236806317529 475.18505859375
150.0 245.0 317.06351931434176 -483.6482357353149 578.3121337890625
166.0 245.0 264.7624497609153 -144.92518001810467 301.83184814453125
182.0 245.0 214.20347719647052 183.23798821585655 281.88525390625
198.0 245.0 134.8798874668659 327.03571834597557 353.75830078125
214.0 245.0 -88.59408127411524 204.0099999871275 222.416259765625
230.0 245.0 -208.8163229543899 -163.25939184018492 265.0620422363281
246.0 245.0 -63.43843018205315 -198.72253246931996 208.60267639160156
262.0 245.0 148.24218255031795 -79.6204486518096 168.27108764648438
278.0 245.0 165.60000455574894 0.2073634784395309 165.60012817382812
294.0 245.0 104.4340030707552 -0.39160095926324195 104.43473815917969
310.0 245.0 -77.91338411618763 -14.462328576836152 79.24427032470703
326.0 245.0 -327.0871861238569 33.730462435777085 328.8218078613281
342.0 245.0 -272.36266195398736 161.3314540671865 316.5584716796875
358.0 245.0 -316.34825356826934 153.53769609108303 351.6390686035156
374.0 245.0 -339.4183546709359 -85.21288271246368 349.9515075683594
390.0 245.0 -188.27472497765856 -30.990775909808526 190.80828857421875
406.0 245.0 -280.22552435265766 -53.11907779102898 285.2156677246094
422.0 245.0 -14.695012429050907 -123.94685644504847 124.81492614746094
438.0 245.0 477.7740766523127 30.315983393061263 478.73492431640625
454.0 245.0 353.3429711526802 6.881370806680814 353.40997314453125
470.0 245.0 131.67867854046742 -60.33583294109031 144.84365844726562
486.0 245.0 -285.58560496317153 -47.37598782338307 289.4885559082031
502.0 245.0 -654.009167578091 -124.44808455065989 665.7442016601562
518.0 245.0 -406.0252392042862 -186.15804184478225 446.6669006347656
22.0 261.0 -33.677682028573095 278.1723110191096 280.2035217285156
38.0 261.0 -33.340319606476776 56.22609413722977 65.36781311035156
54.0 261.0 25.106934999339977 201.78980190599668 203.34571838378906
70.0 261.0 -36.50195649978509 518.9388481636404 520.2210083007812
86.0 261.0 -35.46512755381398 565.596717034755 566.70751953125
102.0 261.0 139.1303735385743 346.6966760332308 373.5717468261719
118.0 261.0 270.79425181560487 88.62209748235865 284.927001953125
134.0 261.0 218.9333523152379 -140.59571158568272 260.19024658203125
150.0 261.0 30.95907007317196 -388.71638505042006 389.9472961425781
166.0 261.0 24.964224125309208 -174.47761806988416 176.25450134277344
182.0 261.0 214.86587414541978 166.9343388042584 272.0926513671875
198.0 261.0 360.4674294683324 419.2129103520189 552.8799438476562
214.0 261.0 218.13035308113547 372.2397625848833 431.4432678222656
230.0 261.0 -101.90988788204102 -39.85598317896183 109.42634582519531
246.0 261.0 -295.35761966274134 -163.73771884743846 337.70721435546875
262.0 261.0 -294.9016480003078 -70.62813756329584 303.2413635253906
278.0 261.0 -210.6364533148691 -115.26333107632566 240.11111450195312
294.0 261.0 -26.64110374222192 -123.62811181226417 126.46603393554688
310.0 261.0 89.44574127856616 -135.4091641240417 162.28427124023438
326.0 261.0 -16.630353095094158 38.70178723643123 42.123592376708984
342.0 261.0 -191.22813211953076 247.30414856578815 312.6140441894531
358.0 261.0 -344.4980084265298 172.9119674992556 385.4574279785156
374.0 261.0 -380.87164487905136 42.29699329111761 383.2130432128906
390.0 261.0 -168.14848944611862 236.89017203605073 290.5010681152344
406.0 261.0 -61.64925462787474 272.57333862329386 279.4581604003906
422.0 261.0 6.2431073916819555 -1.1244134810096884 6.343555450439453
438.0 261.0 23.606458667478147 33.77323702147275 41.20553970336914
454.0 261.0 -34.70140414130261 97.56218196620173 103.5498275756836
470.0 261.0 21.322323553123862 34.79445177619713 40.80802917480469
486.0 261.0 -221.9207747329086 18.50029337142364 222.69056701660156
502.0 261.0 -379.86112551470615 -1.3100806502539422 379.8633728027344
518.0 261.0 -207.13176343208747 -233.68303539960584 312.2680358886719
22.0 277.0 -82.6304567992268 327.13655667209554 337.4109191894531
38.0 277.0 0.2042649995237268 111.4747684531667 111.4749526977539
54.0 277.0 6.546477329900597 112.62526435519001 112.81536102294922
70.0 277.0 -212.48078791377563 499.8093907978087 543.0999145507812
86.0 277.0 -186.85441415927437 468.4074355557097 504.3016052246094
102.0 277.0 44.427890033910565 111.13391504614577 119.68535614013672
118.0 277.0 270.6497470981865 117.15810785423481 294.9191589355469
134.0 277.0 247.23509690381806 23.002280970319433 248.30284118652344
150.0 277.0 -16.915583853821232 -159.26844754269652 160.16421508789062
166.0 277.0 -94.16535328937171 -99.29197009679439 136.84300231933594
182.0 277.0 63.145389796958455 198.36466337930128 208.17271423339844
198.0 277.0 294.6935443576801 359.8924136539857 465.1524963378906
214.0 277.0 209.08187664060114 360.47288929666655 416.720458984375
230.0 277.0 -136.87543108602043 101.050170835826 170.1352996826172
246.0 277.0 -410.4074322007733 -11.76956924999973 410.576171875
262.0 277.0 -490.9188574563149 -83.17172856218545 497.9145202636719
278.0 277.0 -318.8000230712643 -62.589807195319466 324.88604736328125
294.0 277.0 -60.778689715159686 -159.82901016966363 170.99520874023438
310.0 277.0 232.75329878765592 -234.57611449253682 330.4543151855469
326.0 277.0 262.0704155296487 82.48128008602909 274.7436218261719
342.0 277.0 140.5797004343186 389.010216355409 413.6322021484375
358.0 277.0 -33.99165080326956 287.0056169293643 289.0115051269531
374.0 277.0 -143.43352940871264 218.96746023167574 261.76312255859375
390.0 277.0 -129.28964550690657 250.71972729018674 282.092529296875
406.0 277.0 94.56912329679272 367.6414399723659 379.6097412109375
422.0 277.0 98.63340854031526 207.37387036658785 229.63551330566406
438.0 277.0 -75.91082786259611 80.21787095151282 110.44165802001953
454.0 277.0 -205.08768111335584 35.98646279412036 208.2209930419922
470.0 277.0 -201.4778639967846 49.168164574467674 207.3905487060547
486.0 277.0 -252.4247278915782 82.06743564317017 265.430419921875
502.0 277.0 -43.34966954097849 48.30635877972123 64.90530395507812
518.0 277.0 321.25565049790777 -181.9038512734968 369.1804504394531
22.0 293.0 -101.25726219583169 509.82764036866615 519.7857666015625
38.0 293.0 136.34573616015788 -98.92972258827342 168.4554901123047
54.0 293.0 168.72178279551375 -317.6608426028056 359.68798828125
70.0 293.0 167.08004656356698 -108.92474550431425 199.45010375976562
86.0 293.0 95.31039012155092 -12.259312348989235 96.0955810546875
102.0 293.0 -9.06717187371992 63.78772116364216 64.4289321899414
118.0 293.0 101.77578372068976 247.20171783897248 267.3331298828125
134.0 293.0 -0.9314969989281843 244.42465892469934 244.4264373779297
150.0 293.0 -240.12106966613493 101.84274725809331 260.82574462890625
166.0 293.0 -259.6201109923045 127.80895386984825 289.3747253417969
182.0 293.0 -134.16263819498698 284.45404953903596 314.5055236816406
198.0 293.0 18.0137170610675 332.1603499343818 332.6484375
214.0 293.0 32.789998330058744 450.4670793585335 451.6589050292969
230.0 293.0 -269.6488014216788 245.28626985639386 364.5213623046875
246.0 293.0 -555.3520281471381 -179.43806846343853 583.621337890625
262.0 293.0 -523.0775354708144 -557.8317982368436 764.7133178710938
278.0 293.0 -88.1519282670518 -414.6463914354016 423.9131774902344
294.0 293.0 237.7255124324208 -313.8675948696289 393.7337646484375
310.0 293.0 370.3408848747676 -188.8225373708314 415.6997985839844
326.0 293.0 230.0132090162047 153.57009393850186 276.5679931640625
342.0 293.0 207.76736901758127 425.95512063001894 473.9251403808594
358.0 293.0 266.88111178658284 444.0830908860269 518.107421875
374.0 293.0 45.531874628649156 230.14718965600417 234.60792541503906
390.0 293.0 -21.843485841668816 57.938766166508344 61.919612884521484
406.0 293.0 19.912134359192923 284.9213716719264 285.6163330078125
422.0 293.0 27.564477658506252 289.19213370273275 290.5028381347656
438.0 293.0 -39.913646365631365 -18.684316449952803 44.070430755615234
454.0 293.0 -137.6009745088271 69.11897846366941 153.98526000976562
470.0 293.0 -145.398824636742 219.66368564116974 263.4254150390625
486.0 293.0 13.177001901677707 63.05255627311207 64.41473388671875
502.0 293.0 153.3838455262378 -121.46849424072168 195.65582275390625
518.0 293.0 126.87631005352195 -226.89837663476501 259.9624328613281
22.0 309.0 -985.3102317791195 346.32839736591285 1044.4039306640625
38.0 309.0 102.97774112992306 -547.9067012624306 557.4999389648438
54.0 309.0 481.96039979910086 -766.8821832603272 905.756103515625
70.0 309.0 443.6742480329171 -449.7161333390936 631.73681640625
86.0 309.0 199.68280185591576 -140.01310748451664 243.87884521484375
102.0 309.0 -117.28082255742356 285.00245534714395 308.190185546875
118.0 309.0 -196.93294544378068 488.88153589467265 527.0557250976562
134.0 309.0 -349.44288347389823 337.5003684036679 485.8156433105469
150.0 309.0 -397.33499294170474 225.95714043954587 457.09051513671875
166.0 309.0 -234.5671135906238 185.21841897475434 298.8772277832031
182.0 309.0 -162.80551758583567 283.9677201841522 327.3275146484375
198.0 309.0 -275.3308297213342 217.94709718272955 351.15240478515625
214.0 309.0 -272.43624146926 306.13443562651196 409.8045959472656
230.0 309.0 -344.9726427339497 235.3263218185125 417.59381103515625
246.0 309.0 -485.2800877859233 -251.48960786237936 546.5745849609375
262.0 309.0 -289.66408478766823 -628.946076584069 692.44384765625
278.0 309.0 35.61204301508336 -661.60570308248 662.5634765625
294.0 309.0 295.8528018720372 -412.6978185958554 507.7877197265625
310.0 309.0 274.00533657960057 -37.850534356080466 276.6072692871094
326.0 309.0 53.86558664451656 111.41318293220789 123.75135803222656
342.0 309.0 -24.703567135999336 363.8048381622108 364.6426086425781
358.0 309.0 -6.603334531501212 364.05279799513164 364.1126708984375
374.0 309.0 32.85664547100403 48.62423013256076 58.68453598022461
390.0 309.0 85.50186429050221 -112.06864340501272 140.9608154296875
406.0 309.0 -20.30362432209891 303.98308147863 304.660400390625
422.0 309.0 -112.71434237961422 138.05496677274502 178.22372436523438
438.0 309.0 -91.51939238243946 -173.83488589084016 196.45448303222656
454.0 309.0 5.328118610052713 14.608568531939477 15.549891471862793
470.0 309.0 378.4140403502685 219.20228236637442 437.3177490234375
486.0 309.0 694.8862410604519 48.06037050180912 696.5462646484375
502.0 309.0 271.7307400770496 -113.03147608873822 294.30206298828125
518.0 309.0 -810.1791682592873 -221.0097233254904 839.7830810546875
