22.0 21.0 105.60103165219691 466.1672105482762 477.9784851074219
38.0 21.0 -241.90070490175447 -333.0577791229926 411.63507080078125
54.0 21.0 -341.4394874443421 -220.89844232745082 406.665771484375
70.0 21.0 -147.99262683415876 -71.37599657314945 164.3056640625
86.0 21.0 176.9843476252166 -64.25442993010905 188.28726196289062
102.0 21.0 447.6724693666648 -77.29847297210594 454.29693603515625
118.0 21.0 414.0499033281406 -399.3635161111705 575.263916015625
134.0 21.0 -56.81365801293989 -664.8470807129596 667.2701416015625
150.0 21.0 6.649713718245792 -714.7519641228816 714.7828979492188
166.0 21.0 253.058534139998 -782.0657934058343 821.98876953125
182.0 21.0 272.20610655388896 -400.7952298795011 484.49249267578125
198.0 21.0 248.67370400506027 -123.92818189921596 277.8431396484375
214.0 21.0 163.41326706254432 -46.56702920323284 169.91876220703125
230.0 21.0 -143.727097481939 20.595824652074143 145.1952667236328
246.0 21.0 -558.0951883137734 195.88266578378378 591.4729614257812
262.0 21.0 -561.3630830603395 206.62861323998393 598.183837890625
278.0 21.0 -256.612571574429 422.6348814140465 494.4393310546875
294.0 21.0 -23.946207032784205 531.0805701855949 531.6201782226562
310.0 21.0 -34.793313312237515 445.85234410580364 447.2078857421875
326.0 21.0 -19.366215497836354 436.35820472689124 436.7877502441406
342.0 21.0 199.05399773608204 503.2280120672429 541.166259765625
358.0 21.0 392.36704395426426 501.4169043180538 636.6873779296875
374.0 21.0 145.93174579409538 245.14151940880424 285.29010009765625
390.0 21.0 -23.855812423088008 155.84230448840054 157.65760803222656
406.0 21.0 84.65027906057995 -150.71333149107758 172.8588409423828
422.0 21.0 363.03001046010104 -326.48697914301977 488.24639892578125
438.0 21.0 552.6542293055683 -109.01905188098125 563.3043823242188
454.0 21.0 589.4435501043268 -229.89492669700024 632.6890258789062
470.0 21.0 518.7546036721253 -155.71035129333697 541.6198120117188
486.0 21.0 398.0730175040311 -13.800452331655208 398.3121643066406
502.0 21.0 366.24987435448907 20.505248971421565 366.82342529296875
518.0 21.0 171.96907772200768 60.14506546588513 182.18341064453125
22.0 37.0 -125.0594626993775 -14.28632942498142 125.8728256225586
38.0 37.0 -214.59335653220103 -148.45258263076974 260.93768310546875
54.0 37.0 -361.59220332896047 -37.00701556573255 363.48101806640625
70.0 37.0 -297.192285885076 119.00146332954137 320.1321716308594
86.0 37.0 -14.185261017855376 23.777785821447267 27.6876277923584
102.0 37.0 193.2074368501803 -135.77131503772907 236.14183044433594
118.0 37.0 244.33538487489596 -250.3581436560627 349.8270568847656
134.0 37.0 93.85603537163138 -391.7022366580638 402.7897644042969
150.0 37.0 -45.00606633423412 -672.5699707368366 674.0740966796875
166.0 37.0 107.80598146446042 -528.6450639739888 539.5254516601562
182.0 37.0 90.91738412467976 -377.43870118321433 388.2344055175781
198.0 37.0 260.4658966498113 -359.5861391879174 444.009765625
214.0 37.0 323.46212469034595 -245.10971852495987 405.84051513671875
230.0 37.0 -10.588815148526058 -18.481080741049336 21.299610137939453
246.0 37.0 -334.7896099733773 138.78271096811673 362.4151306152344
262.0 37.0 -337.2301270764493 212.2574071903965 398.4687805175781
278.0 37.0 -261.7023995804553 380.38131320962464 461.7121276855469
294.0 37.0 -192.16223925136126 431.47028707655807 472.3271484375
310.0 37.0 -227.31664515627313 543.0983623149933 588.7518310546875
326.0 37.0 -131.70675987064976 661.9414444331827 674.9171142578125
342.0 37.0 180.17007992763658 611.260171997467 637.2599487304688
358.0 37.0 438.61141975674235 587.2408171469447 732.9609375
374.0 37.0 427.88895003358175 355.1213371436926 556.0576782226562
390.0 37.0 213.2705397579463 80.00038564861077 227.7814483642578
406.0 37.0 -34.42169600977249 -797.8583381004473 798.6005249023438
422.0 37.0 -100.60379723023675 -937.6382912545067 943.0199584960938
438.0 37.0 25.14204969817347 -425.012970898244 425.7559814453125
454.0 37.0 47.80026088850512 -432.0993543524831 434.7352294921875
470.0 37.0 -5.038632103960145 -357.67255989890833 357.7080383300781
486.0 37.0 0.5647265799252158 -256.7578860271438 256.7585144042969
502.0 37.0 116.45465184069663 -183.70985593484605 217.5109100341797
518.0 37.0 73.52482622565725 -73.91653177841813 104.25714874267578
22.0 53.0 -288.5588492100901 -333.3029418348019 440.8594665527344
38.0 53.0 -111.54840792516623 -9.91527524923914 111.98821258544922
54.0 53.0 -90.02512982920521 53.34041461275778 104.64093017578125
70.0 53.0 -79.17632069546966 106.49035652547248 132.69923400878906
86.0 53.0 104.05735613276293 179.45970728921415 207.44570922851562
102.0 53.0 120.03322589488997 49.94775833386684 130.01058959960938
118.0 53.0 32.966279261073694 -90.84717297634482 96.64359283447266
134.0 53.0 -8.46627679780601 -90.37889531082955 90.77456665039062
150.0 53.0 -45.56786001200294 -132.74208885232673 140.34561157226562
166.0 53.0 65.60782673425669 -199.42308561665138 209.93797302246094
182.0 53.0 251.74215892996153 -377.4252639122217 453.6782531738281
198.0 53.0 452.6110979443999 -574.704576238581 731.5341186523438
214.0 53.0 224.82132498600888 -259.0039314332646 342.9689025878906
230.0 53.0 -143.4643358395657 -35.29651107802633 147.74253845214844
246.0 53.0 -236.89767743590846 84.19947442810943 251.41610717773438
262.0 53.0 -164.40179497979545 190.11833809443868 251.34225463867188
278.0 53.0 -73.55334176231122 106.87075002543138 129.736083984375
294.0 53.0 -41.627024005237416 97.67382858711069 106.17431640625
310.0 53.0 -216.66192975984242 559.265053754341 599.7664184570312
326.0 53.0 -90.61498000598073 394.6351273368994 404.9048767089844
342.0 53.0 229.3184804295531 257.7744964638927 345.0140075683594
358.0 53.0 353.2375376365291 339.93871655712405 490.2398376464844
374.0 53.0 321.0519482041317 272.1755983654151 420.89654541015625
390.0 53.0 119.37244892629319 107.4560528409529 160.6131591796875
406.0 53.0 -191.63647170233398 -451.85204321245584 490.81036376953125
422.0 53.0 -435.86127586290706 -816.8250350637101 925.8391723632812
438.0 53.0 -306.29547304105597 -505.17756032629546 590.7802124023438
454.0 53.0 -353.3979505673502 -499.997107063947 612.2803344726562
470.0 53.0 -452.5774968374088 -393.8957962773938 599.9835815429688
486.0 53.0 -263.0440515089116 -391.71613310938335 471.84075927734375
502.0 53.0 -20.563817552031256 -367.0838912177266 367.659423828125
518.0 53.0 54.273317762717774 -165.11209324531697 173.80332946777344
22.0 69.0 -288.99642485828133 -221.94616315643074 364.3885803222656
38.0 69.0 41.75589359190466 -16.78675939901883 45.00388717651367
54.0 69.0 167.54827359218615 59.46318817476056 177.78721618652344
70.0 69.0 142.9193801953119 163.23792282667458 216.96214294433594
86.0 69.0 184.03021191443833 270.17218246735416 326.8946838378906
102.0 69.0 149.19523928746253 256.3450636466803 296.60076904296875
118.0 69.0 97.07485474382308 40.18229852609992 105.06257629394531
134.0 69.0 44.038373049723255 -17.766738401351677 47.487213134765625
150.0 69.0 68.96185678318142 16.71445001422347 70.95851135253906
166.0 69.0 136.36664848895646 -74.82985816899946 155.54861450195312
182.0 69.0 229.8891680694001 -397.85446431351073 459.4966735839844
198.0 69.0 330.34638007715506 -458.1452688273841 564.82373046875
214.0 69.0 -47.77517888690698 -139.48455343430004 147.43951416015625
230.0 69.0 -282.00525973138605 -138.29143565006098 314.0883483886719
246.0 69.0 -247.05495532060874 -18.99600588533475 247.7841796875
262.0 69.0 -71.50185278437593 22.678792835121975 75.01228332519531
278.0 69.0 190.57177349524986 -179.94823183933323 262.1048889160156
294.0 69.0 268.18986732196356 80.84045378830521 280.10888671875
310.0 69.0 120.16912146631523 610.8186150601534 622.527099609375
326.0 69.0 47.429601947352666 -113.24690089754343 122.77796173095703
342.0 69.0 28.626916694430502 -237.5299118932652 239.2487335205078
358.0 69.0 85.27087728633964 77.1239318248293 114.97488403320312
374.0 69.0 89.64678420448081 248.49362049659152 264.169677734375
390.0 69.0 16.210252233270012 171.77492016522189 172.53810119628906
406.0 69.0 1.3441273773361397 -221.43603719094472 221.4401092529297
422.0 69.0 -139.21839136609643 -437.95693032676746 459.552001953125
438.0 69.0 -320.6857876070201 -198.1699929119056 376.97576904296875
454.0 69.0 -541.2457444287452 -91.58542035186575 548.9397583007812
470.0 69.0 -639.8406151855337 -94.40535018512654 646.7676391601562
486.0 69.0 -471.2185378636019 -304.77756840770246 561.1918334960938
502.0 69.0 -334.3657162708237 -580.7657014988333 670.1411743164062
518.0 69.0 -71.36473586254061 -450.5060821863607 456.1235046386719
22.0 85.0 -330.8805792905626 -85.54934312810597 341.7611083984375
38.0 85.0 19.574296096123167 -27.635660816257552 33.865657806396484
54.0 85.0 205.51905475364956 100.78251032342914 228.89996337890625
70.0 85.0 159.2683516290071 223.3531809116116 274.3229064941406
86.0 85.0 140.71662616606375 261.5280961070067 296.9816589355469
102.0 85.0 210.16769078883235 271.78482821747065 343.5657958984375
118.0 85.0 269.97239245920235 136.41118129166588 302.478271484375
134.0 85.0 265.1755143435967 -35.80411300027829 267.58172607421875
150.0 85.0 244.0759265963502 30.554057635773077 245.9809112548828
166.0 85.0 256.6444976932332 -34.411056573983586 258.941162109375
182.0 85.0 118.99285947172294 -111.31131313286852 162.94020080566406
198.0 85.0 51.61183603757753 -128.83219236127564 138.78585815429688
214.0 85.0 -53.54413677772261 -103.1596681514152 116.2277603149414
230.0 85.0 -235.24291566070448 -171.01243966726548 290.8341064453125
246.0 85.0 -222.45855232943325 -76.46449147053039 235.23312377929688
262.0 85.0 -15.117587880607658 -122.78147060528063 123.70865631103516
278.0 85.0 270.0084768276554 -335.50817932175966 430.66265869140625
294.0 85.0 293.7014472897006 114.38391901813316 315.1891784667969
310.0 85.0 266.74687950803 145.28689263370362 303.74688720703125
326.0 85.0 84.53934985083228 -440.70696416820374 448.7421569824219
342.0 85.0 -128.63585300944163 -444.2985583404907 462.5455627441406
358.0 85.0 -162.11364447954537 -175.5095232877658 238.92347717285156
374.0 85.0 -148.5055267591858 108.93267329950561 184.17442321777344
390.0 85.0 -85.67141829648804 98.21701705933008 130.33102416992188
406.0 85.0 82.22882944159439 -164.14005373799844 183.58523559570312
422.0 85.0 57.24772985721449 -157.11313460437196 167.2179412841797
438.0 85.0 -124.0746882615218 87.58701935148113 151.875
454.0 85.0 -161.15996457609 215.69915498069267 269.2557373046875
470.0 85.0 -286.6979156474867 170.78477011628158 333.7111511230469
486.0 85.0 -296.03623422490233 -36.92538160021967 298.33026123046875
502.0 85.0 -243.64217104612763 -431.0913467115534 495.1780090332031
518.0 85.0 -99.95660739941317 -823.4135372357365 829.4583740234375
22.0 101.0 12.231226767995059 141.47351947090982 142.0012664794922
38.0 101.0 111.18837777465207 90.40041076194554 143.30068969726562
54.0 101.0 198.98880348843983 108.2440465911175 226.52442932128906
70.0 101.0 251.17465773730584 147.3013650091281 291.1810302734375
86.0 101.0 290.821156951294 78.10067081263357 301.1256408691406
102.0 101.0 284.7230947220454 127.73815812758698 312.0645446777344
118.0 101.0 190.2593554133881 6.363849524551848 190.36575317382812
134.0 101.0 100.49570661653851 -120.33380561339115 156.77886962890625
150.0 101.0 169.13106967237664 30.363138654080917 171.8349151611328
166.0 101.0 167.73548248000628 -8.618397304865036 167.9567413330078
182.0 101.0 93.16502153916731 12.110392237444245 93.9488296508789
198.0 101.0 218.29629346826943 -49.08857450781466 223.74754333496094
214.0 101.0 19.14157425672291 -0.0703868027796704 19.141704559326172
230.0 101.0 -259.2983874604316 37.2353416041722 261.958251953125
246.0 101.0 -219.41278213975812 26.40529921813875 220.99594116210938
262.0 101.0 51.35520579881616 -131.87506346903726 141.52169799804688
278.0 101.0 212.18433522239576 -208.24921648738297 297.304443359375
294.0 101.0 211.0689078744302 -56.022058682808066 218.37709045410156
310.0 101.0 228.97602593939703 -199.02266903132448 303.3810119628906
326.0 101.0 22.644689473329912 -405.97293947302944 406.60400390625
342.0 101.0 -170.4117719974231 -383.0208583661553 419.2196960449219
358.0 101.0 -171.76019644286367 -215.66607001986927 275.705322265625
374.0 101.0 -181.55166950401096 21.200849683021527 182.7853546142578
390.0 101.0 -94.00915220533918 7.5074062923830045 94.30844116210938
406.0 101.0 147.92931075363802 -149.49678885670238 210.31492614746094
422.0 101.0 222.67953526584077 -29.456051681298202 224.6193084716797
438.0 101.0 67.5193858102498 154.92883407955892 169.0023956298828
454.0 101.0 -69.11071781761017 164.6679383398702 178.5828094482422
470.0 101.0 -174.5328402097727 188.76312953033104 257.0860290527344
486.0 101.0 -151.86796951255923 39.87835334422387 157.01644897460938
502.0 101.0 -73.2014310384894 -288.4471821301649 297.5906982421875
518.0 101.0 4.797169131671293 -615.3135828987607 615.332275390625
22.0 117.0 469.95092847101114 356.5977004874583 589.9286499023438
38.0 117.0 294.17728126317877 280.1476944937222 406.230224609375
54.0 117.0 143.78972482245453 59.167368858844334 155.4871826171875
70.0 117.0 164.20149164660924 25.7125566848395 166.20248413085938
86.0 117.0 286.18166487367097 6.253568998359361 286.2499694824219
102.0 117.0 313.18927001275944 70.03791040547031 320.9249572753906
118.0 117.0 127.25666435568114 40.343147005429486 133.4984130859375
134.0 117.0 -158.8410594690842 -196.7868532912892 252.89434814453125
150.0 117.0 -82.00272204344779 26.370021980199883 86.1384048461914
166.0 117.0 -151.24005591443242 72.93869397501169 167.90951538085938
182.0 117.0 -8.082474094462118 -202.16308893769673 202.32460021972656
198.0 117.0 405.00040721581075 -210.36801138272844 456.3770751953125
214.0 117.0 214.5921754868357 36.99828395069407 217.75830078125
230.0 117.0 1.7027397514513758 46.40718801613045 46.43841552734375
246.0 117.0 128.1354299164026 -35.04610298725718 132.84170532226562
262.0 117.0 267.19157477321 -186.81490071874018 326.0232238769531
278.0 117.0 232.48063218687207 -124.1774150807197 263.56646728515625
294.0 117.0 125.90848583821398 -49.53156253123604 135.3008575439453
310.0 117.0 93.79802994426298 -120.9348615627633 153.04676818847656
326.0 117.0 -226.20215267174535 -62.359001493292304 234.64027404785156
342.0 117.0 -445.723594165735 -169.4173994358078 476.8351745605469
358.0 117.0 -311.4485869809646 -176.23808523351937 357.8548278808594
374.0 117.0 -180.50617445515013 -35.39708141130242 183.94410705566406
390.0 117.0 -36.35475836194333 -10.139156425779111 37.742164611816406
406.0 117.0 209.01323584308403 -73.5166004527552 221.56539916992188
422.0 117.0 371.7846615328852 134.85380954459825 395.48626708984375
438.0 117.0 275.31077341227154 196.45228183065052 338.2152099609375
454.0 117.0 46.75204266258939 30.916593493420898 56.04988098144531
470.0 117.0 -135.08374964343233 19.151884694300644 136.4346466064453
486.0 117.0 -159.14522387390613 -39.03846130995187 163.86337280273438
502.0 117.0 -110.85442065851021 -171.8774477418525 204.52520751953125
518.0 117.0 -34.011011338722994 -189.68269645365436 192.70774841308594
22.0 133.0 642.6654393914556 456.047743467923 788.0345458984375
38.0 133.0 481.7588561944055 362.9320838368167 603.167724609375
54.0 133.0 89.6329857304526 96.50641085380062 131.7101287841797
70.0 133.0 -126.34056858263487 87.87847127233809 153.8979034423828
86.0 133.0 49.40822578581494 104.93104076209266 115.9814453125
102.0 133.0 277.785199167462 15.729587024111556 278.2301940917969
118.0 133.0 296.03680316688343 162.28883430098313 337.6025085449219
134.0 133.0 58.764668641244306 88.46227746096854 106.20198059082031
150.0 133.0 -174.47319988406136 64.86016120330268 186.13902282714844
166.0 133.0 -218.7748760707183 -25.46917944731185 220.25241088867188
182.0 133.0 -134.65628382810854 -356.34190039451113 380.9355163574219
198.0 133.0 94.65084247587349 -333.4660379044566 346.6387023925781
214.0 133.0 254.68960542087154 -99.6598269853224 273.49383544921875
230.0 133.0 364.66357218230314 -34.68784299083676 366.3096618652344
246.0 133.0 499.56467504415133 -58.63931567193405 502.9944763183594
262.0 133.0 540.2336297606508 -132.99799950618032 556.3639526367188
278.0 133.0 242.1339753524554 -45.49770987633501 246.37147521972656
294.0 133.0 -99.41918061814872 -31.301928066124027 104.23043823242188
310.0 133.0 -317.47501615882595 -54.85875443166517 322.17987060546875
326.0 133.0 -470.16460492190515 189.185351912521 506.79962158203125
342.0 133.0 -542.8741059516422 92.96304733388075 550.7761840820312
358.0 133.0 -396.06043491338954 -250.32628910627886 468.5372009277344
374.0 133.0 -183.7372106103434 -193.561770507426 266.881103515625
390.0 133.0 -66.347430689809 -45.272201012697295 80.32156372070312
406.0 133.0 60.537928967798145 -26.064651769093725 65.91059875488281
422.0 133.0 156.380992064154 92.21429117695531 181.54473876953125
438.0 133.0 201.7250824008628 85.11922742544814 218.94815063476562
454.0 133.0 140.9615494253548 -63.51917080710043 154.61190795898438
470.0 133.0 -26.232143575954883 -72.65080856056015 77.2416000366211
486.0 133.0 -140.85374385364955 -49.94962951520457 149.4481201171875
502.0 133.0 -198.41117294151007 -65.79013980873282 209.03428649902344
518.0 133.0 -122.1113369213116 29.79589526543661 125.6939697265625
22.0 149.0 519.0735446897095 273.4051495238249 586.6751708984375
38.0 149.0 416.2938960115661 390.13051130397605 570.5281982421875
54.0 149.0 -36.4281711559332 311.38378731627023 313.50738525390625
70.0 149.0 -374.44571403243225 238.9875755529303 444.21240234375
86.0 149.0 -99.95656654321424 134.14052787790754 167.28717041015625
102.0 149.0 58.34762854888676 -60.61904590483525 84.1374740600586
118.0 149.0 -17.94013893049555 133.5986445471014 134.7978057861328
134.0 149.0 -213.02984931251393 408.89928462305124 461.0643615722656
150.0 149.0 -398.25030654424154 143.39827821601614 423.2804870605469
166.0 149.0 -403.1498041757729 -319.7332996223182 514.5475463867188
182.0 149.0 -175.61991261500438 -407.7984529454739 444.0066833496094
198.0 149.0 1.9833172952838043 -275.17616812363394 275.1833190917969
214.0 149.0 140.1156309650943 -163.2713780895311 215.1509552001953
230.0 149.0 291.13639724452383 -171.62243237611736 337.95660400390625
246.0 149.0 476.768174413234 -72.23437263589327 482.2091979980469
262.0 149.0 516.2196056488126 99.35375117432545 525.6936645507812
278.0 149.0 150.58517618169097 131.8891522598988 200.17652893066406
294.0 149.0 -338.0530698282974 -31.79732734763066 339.5451965332031
310.0 149.0 -631.5832210459205 -109.92074779169508 641.0771484375
326.0 149.0 -617.4544148731859 104.45474795775364 626.2274169921875
342.0 149.0 -469.3743507815426 129.21084190688364 486.8343811035156
358.0 149.0 -138.647922740198 -289.58542877462173 321.06536865234375
374.0 149.0 19.717140868611892 -239.1452123164291 239.9566650390625
390.0 149.0 -38.175112377120705 -22.377184481786642 44.25017166137695
406.0 149.0 -12.998824335932927 -80.92999154275589 81.96726989746094
422.0 149.0 35.73867183461218 -98.45459939446509 104.74044799804688
438.0 149.0 7.320696063507326 -109.01303571598751 109.2585678100586
454.0 149.0 -60.16523916037377 -110.85435419744996 126.12907409667969
470.0 149.0 -116.51109024738912 -102.9209138292925 155.4591522216797
486.0 149.0 -170.68926477435073 -124.95994276274241 211.54151916503906
502.0 149.0 -228.1365540671727 -104.08822446178571 250.7601318359375
518.0 149.0 -230.4278842528522 -29.680888635448355 232.3315887451172
22.0 165.0 204.0378296152441 -245.60140758117961 319.2984313964844
38.0 165.0 205.83825140809336 477.7522826959463 520.208251953125
54.0 165.0 -39.77346840910253 402.33314918323686 404.2943115234375
70.0 165.0 -427.4258597590712 298.10040698017264 521.1110229492188
86.0 165.0 -358.8735721656133 146.47173467752825 387.6134948730469
102.0 165.0 -243.5095813507193 30.73875049349372 245.4420166015625
118.0 165.0 -467.3545189540696 196.07307539884323 506.81842041015625
134.0 165.0 -458.1553303533207 481.0138616195725 664.28955078125
150.0 165.0 -251.13158646480338 244.13749193398993 350.2430419921875
166.0 165.0 -325.0701367200259 -377.18810400623596 497.93719482421875
182.0 165.0 -368.2049692655797 -527.7397894051342 643.4937133789062
198.0 165.0 -159.18845492190852 -208.1219186313414 262.0223083496094
214.0 165.0 -18.06021758755902 -146.66200411388138 147.76980590820312
230.0 165.0 -10.593971629663619 -136.41525302941992 136.8260040283203
246.0 165.0 -158.56741150691596 46.26359276003185 165.17852783203125
262.0 165.0 -65.8202055889634 330.33844359744705 336.8320007324219
278.0 165.0 -103.02627265384595 283.36643731831856 301.5144348144531
294.0 165.0 -357.65017907733915 66.22300957093151 363.7294921875
310.0 165.0 -587.7453459044467 18.13887497131064 588.0252075195312
326.0 165.0 -482.59526235121933 171.1464649847363 512.0442504882812
342.0 165.0 -207.08659609703227 157.75907559425497 260.3320617675781
358.0 165.0 165.86060254930138 -262.8604033309937 310.8139953613281
374.0 165.0 299.88263488779836 -259.1825810040636 396.364990234375
390.0 165.0 129.39909685652873 -8.38925718713997 129.67076110839844
406.0 165.0 57.39321084342475 -144.67363053524787 155.64202880859375
422.0 165.0 89.68145774887589 -226.1512622669201 243.2841033935547
438.0 165.0 -17.06149249835106 -73.11152287666582 75.07588958740234
454.0 165.0 -149.27432988347914 27.714608596217943 151.8253173828125
470.0 165.0 -175.33492743781443 -105.7160609475368 204.73939514160156
486.0 165.0 -63.827977721306446 -238.52972798815588 246.92193603515625
502.0 165.0 -83.36240632177284 -219.41251317883314 234.71502685546875
518.0 165.0 -252.0707707105822 -129.0152389199117 283.1688537597656
22.0 181.0 -102.84476059147177 -241.95141359121467 262.9021301269531
38.0 181.0 62.48556594917477 263.0461535595552 270.36590576171875
54.0 181.0 4.566969293778685 223.5183857827382 223.56503295898438
70.0 181.0 -217.8973708760861 208.64678939747785 301.6831970214844
86.0 181.0 -358.850253094204 238.01894031834738 430.6117858886719
102.0 181.0 -355.5145018426071 276.7449292222991 450.5311584472656
118.0 181.0 17.196275499975613 276.1824158255106 276.7172546386719
134.0 181.0 382.1148085535936 175.32432240923953 420.4168701171875
150.0 181.0 315.9426419900903 141.82366335274307 346.314453125
166.0 181.0 39.70849489115445 70.03470256937842 80.50853729248047
182.0 181.0 -336.2397774888825 -101.77031332731006 351.3038330078125
198.0 181.0 -414.4629224226686 -123.85246873717828 432.5724792480469
214.0 181.0 -305.1321816234237 -171.58787663026408 350.0686340332031
230.0 181.0 -288.6870939484107 -9.959290375127694 288.85882568359375
246.0 181.0 -380.7886260042711 248.55948569577603 454.732666015625
262.0 181.0 -275.06779108359035 342.777622188641 439.4983215332031
278.0 181.0 -27.23094418857513 247.9056319574832 249.396728515625
294.0 181.0 47.49897509571335 75.85729624506067 89.50129699707031
310.0 181.0 -92.89556661594973 150.93747895140305 177.23348999023438
326.0 181.0 63.25849067140167 301.6375158183501 308.1993408203125
342.0 181.0 347.5649215032306 427.0735552209863 550.6298217773438
358.0 181.0 445.60892149179904 110.2227298899977 459.03851318359375
374.0 181.0 360.54951948672397 -179.6667565498382 402.8350830078125
390.0 181.0 88.38079809214094 -130.8590837170482 157.90904235839844
406.0 181.0 -54.81338738362007 -229.60654492920025 236.05862426757812
422.0 181.0 -3.396810217446458 -158.29991121627344 158.3363494873047
438.0 181.0 30.197526028455524 152.78408456302972 155.73974609375
454.0 181.0 84.9665810346952 323.1958740678504 334.1779479980469
470.0 181.0 36.223994238561964 11.14569237563067 37.899925231933594
486.0 181.0 51.30153553736652 -306.45893904662415 310.7232360839844
502.0 181.0 -3.8816824457077663 -306.62401266747844 306.6485900878906
518.0 181.0 -276.52773967669174 -346.9150252163671 443.6413269042969
22.0 197.0 -150.3474347059202 -129.4371141868321 198.38931274414062
38.0 197.0 9.067365191302374 52.32816054605119 53.107940673828125
54.0 197.0 143.50502757881196 7.233439070223204 143.6872100830078
70.0 197.0 258.6859256970502 13.901857320424249 259.0592041015625
86.0 197.0 -192.06670313563762 358.3950352386532 406.6160583496094
102.0 197.0 -417.78884626730513 395.3739628170997 575.2113647460938
118.0 197.0 -108.34050891728566 127.71092423418452 167.474609375
134.0 197.0 210.18687897623232 -96.17117746883882 231.1437225341797
150.0 197.0 298.91191843995836 26.739669761752612 300.1055603027344
166.0 197.0 67.84666820006932 468.52117828410144 473.40814208984375
182.0 197.0 -137.87275941212175 336.1561387805459 363.33160400390625
198.0 197.0 -307.49958342193105 -4.5936689306130285 307.5339050292969
214.0 197.0 -378.78902384939073 -146.4207256022554 406.1036376953125
230.0 197.0 -314.5696499140711 99.42159413963152 329.9071350097656
246.0 197.0 -228.07893119109067 476.6454057680157 528.404052734375
262.0 197.0 -13.092689375498642 339.8909514907585 340.1430358886719
278.0 197.0 233.58039792720155 -42.062428806163304 237.33741760253906
294.0 197.0 331.59551814515913 -84.25948166723853 342.1333923339844
310.0 197.0 285.9913638596649 139.71413502947988 318.2940368652344
326.0 197.0 484.08715620770585 271.5464026161621 555.047607421875
342.0 197.0 775.5241746199534 500.69201057323954 923.1090087890625
358.0 197.0 567.6658877485661 356.47512660381017 670.3126831054688
374.0 197.0 94.00692595189427 -28.817063986848133 98.32459259033203
390.0 197.0 -185.65175188708736 -151.5089636800596 239.62791442871094
406.0 197.0 -314.8283218867935 -339.52590456803745 463.02777099609375
422.0 197.0 -193.49356287107207 -122.8354215487079 229.19053649902344
438.0 197.0 -15.997235908647768 203.2334058619939 203.86203002929688
454.0 197.0 205.28836149684017 429.11542325567956 475.6925048828125
470.0 197.0 479.46011453254675 328.2961649058321 581.0855102539062
486.0 197.0 314.58803874759855 -106.42348503205604 332.1017761230469
502.0 197.0 -8.350907683544175 -328.4537483316661 328.5599060058594
518.0 197.0 -468.964095953259 -569.3851039501776 737.6494750976562
22.0 213.0 -187.24039117099878 -247.81263930830966 310.5963134765625
38.0 213.0 4.809715803900728 -108.79137147076543 108.89763641357422
54.0 213.0 202.961871692274 -58.5320676146959 211.23333740234375
70.0 213.0 317.8771499171376 70.56743533249632 325.61578369140625
86.0 213.0 -61.449609089992464 287.64407247078486 294.1346130371094
102.0 213.0 -176.64269384634807 203.94721890344775 269.80938720703125
118.0 213.0 7.088712833115575 -153.10231962958892 153.26634216308594
134.0 213.0 152.0337379825864 -407.8857594739972 435.2987976074219
150.0 213.0 304.0486253674834 -202.2509969817462 365.172607421875
166.0 213.0 208.13296640127808 371.8611108993922 426.1455383300781
182.0 213.0 293.4427454693548 285.4316613030736 409.3652038574219
198.0 213.0 145.94367052387176 28.08474360437015 148.62135314941406
214.0 213.0 -137.64835638983462 -203.70919398307737 245.85464477539062
230.0 213.0 -143.51589247737817 -90.47403337412838 169.65365600585938
246.0 213.0 199.41391902857356 383.7492130354317 432.46893310546875
262.0 213.0 509.59114552141466 369.20324166425826 629.2807006835938
278.0 213.0 410.58431223585313 -102.58034679224662 423.2046813964844
294.0 213.0 80.94023199188572 -197.79367095787603 213.71395874023438
310.0 213.0 -17.30193353256362 4.422192502226374 17.85812759399414
326.0 213.0 87.74884167537753 35.12370830364285 94.51737213134766
342.0 213.0 336.12850544960776 274.9460432110277 434.2553405761719
358.0 213.0 246.25957907453582 382.3735291246118 454.811279296875
374.0 213.0 -163.58529695523978 24.751195324328027 165.4471893310547
390.0 213.0 -372.1979931486069 -203.30482820955189 424.10400390625
406.0 213.0 -364.7423058746428 -345.600592869901 502.4706115722656
422.0 213.0 -202.91723066310118 -131.33698785315963 241.7122344970703
438.0 213.0 -88.15485399401861 165.1703112882011 187.22315979003906
454.0 213.0 91.32671756744543 211.50101371657493 230.37631225585938
470.0 213.0 429.9955364863478 166.62657718064628 461.1513671875
486.0 213.0 509.49684289725576 4.0990325039407445 509.5133361816406
502.0 213.0 -1.4529197122840525 -138.6372546878634 138.64486694335938
518.0 213.0 -735.8359416049616 -465.9233234933517 870.9414672851562
22.0 229.0 -277.8912083453862 -180.6504496565025 331.448486328125
38.0 229.0 -109.61861750841868 -146.00012146685717 182.5712890625
54.0 229.0 13.818669081704707 137.70846146207177 138.40005493164062
70.0 229.0 174.29837502172083 349.61670937491857 390.6555480957031
86.0 229.0 62.40586305606501 228.45404576495102 236.82427978515625
102.0 229.0 -16.6250186687457 -99.71090742878152 101.08737182617188
118.0 229.0 132.14853499619545 -316.36280338751874 342.85369873046875
134.0 229.0 255.25232017817333 -489.21038045500796 551.7975463867188
150.0 229.0 412.9809968858212 -390.2750032151777 568.2146606445312
166.0 229.0 497.02992544820955 15.824645102581568 497.2817687988281
182.0 229.0 426.32556171734905 193.98501286404561 468.38409423828125
198.0 229.0 237.63622366082487 134.8310790079869 273.22222900390625
214.0 229.0 22.589678927964982 -175.5183562732419 176.966064453125
230.0 229.0 -88.84324920227711 -307.19075712387325 319.7800598144531
246.0 229.0 78.71535498207541 -122.03408765918844 145.2185516357422
262.0 229.0 552.0054952563765 156.83934388493967 573.8541870117188
278.0 229.0 587.4268956738044 138.28660117015525 603.4844970703125
294.0 229.0 -144.48925817377602 -7.497046449976521 144.68362426757812
310.0 229.0 -449.62961095965545 -83.47542353172307 457.312744140625
326.0 229.0 -478.1738085865516 -6.42949144311193 478.217041015625
342.0 229.0 -406.9488067989284 234.85187439169815 469.85394287109375
358.0 229.0 -336.5294004817246 275.6949137815743 435.0399169921875
374.0 229.0 -256.96617814693104 -18.82082588110749 257.6545104980469
390.0 229.0 -234.22698456984685 -195.50269783726645 305.0960388183594
406.0 229.0 -357.52341786799695 -261.1453098758833 442.7413024902344
422.0 229.0 -93.70472152693999 -91.43401803801342 130.92269897460938
438.0 229.0 121.88695300182037 177.61834080294514 215.41751098632812
454.0 229.0 228.9608467648552 87.69932716809278 245.1820526123047
470.0 229.0 340.90723795556323 -53.88058835227925 345.138916015625
486.0 229.0 273.04164888946093 -9.060018421667726 273.1919250488281
502.0 229.0 -333.7170861456679 7.505945391938786 333.8014831542969
518.0 229.0 -612.4812894825566 -197.9629256616507 643.6790161132812
22.0 245.0 -432.9143450938697 55.30496978070766 436.43267822265625
38.0 245.0 -108.88061613305274 5.609890751694604 109.02503967285156
54.0 245.0 -31.936226131381506 276.7393752452585 278.5760192871094
70.0 245.0 50.37116278564425 493.80771476423945 496.3701477050781
86.0 245.0 7.961637911481734 513.69039329884 513.7520751953125
102.0 245.0 -15.80824647165905 43.15757610797762 45.961692810058594
118.0 245.0 136.08922719927824 -232.68527624084678 269.5602111816406
134.0 245.0 252.33025658841368 -418.9997949132939 489.11285400390625
150.0 245.0 271.2385366888018 -423.21524346144037 502.6743469238281
166.0 245.0 280.093082951759 -81.41727962612858 291.6863098144531
182.0 245.0 259.12399497478856 190.02762556789312 321.3343200683594
198.0 245.0 232.070128114935 287.83709473761746 369.7387390136719
214.0 245.0 81.71385955912132 70.50153648688432 107.92414855957031
230.0 245.0 -103.96568089546783 -254.345808976303 274.7738342285156
246.0 245.0 -66.78876207568072 -251.1917063971161 259.91925048828125
262.0 245.0 120.0087656861577 -31.3856680609609 124.04500579833984
278.0 245.0 142.50927424559418 191.4549357611264 238.67108154296875
294.0 245.0 17.632790563177494 96.53321456525427 98.13040924072266
310.0 245.0 -234.45852714693706 -48.4600764830735 239.41424560546875
326.0 245.0 -421.67140228617194 41.42457853818886 423.7012634277344
342.0 245.0 -440.18303744360577 323.8721062800454 546.49267578125
358.0 245.0 -458.39610138408744 343.115727371432 572.5865478515625
374.0 245.0 -288.13374157824916 51.64620987289388 292.72576904296875
390.0 245.0 -123.30576868688776 115.1745780173851 168.72906494140625
406.0 245.0 -256.40465614670575 102.31527071816629 276.0647888183594
422.0 245.0 6.95645732714899 38.86448542877688 39.482154846191406
438.0 245.0 352.7152672577062 145.98133142185281 381.7310791015625
454.0 245.0 367.196543273465 38.44014006915277 369.203125
470.0 245.0 95.35226474868362 -79.98227978069397 124.45569610595703
486.0 245.0 -231.74713203317384 -77.6878535805151 244.4220428466797
502.0 245.0 -541.7303272448859 -45.21712711861025 543.6141357421875
518.0 245.0 -776.1171644853981 -97.69050804878904 782.2412109375
22.0 261.0 18.740254592338356 -110.11532315518085 111.69861602783203
38.0 261.0 5.776168596383319 217.5711077532356 217.64776611328125
54.0 261.0 2.6044571048054133 320.3462099712615 320.3568115234375
70.0 261.0 -34.19703055224857 482.4604824547244 483.6709289550781
86.0 261.0 -113.95136699054412 606.6794163814424 617.2882690429688
102.0 261.0 69.8889154380489 302.5492125011416 310.5164794921875
118.0 261.0 231.67101233031494 71.48659787712876 242.44956970214844
134.0 261.0 213.518894507664 -138.8188139336641 254.67819213867188
150.0 261.0 91.31927573686485 -304.9023723304012 318.283935546875
166.0 261.0 113.86860342528736 -143.96223908478058 183.5515899658203
182.0 261.0 265.6281779938307 136.1561571587122 298.49090576171875
198.0 261.0 418.0318960364939 346.3365495331192 542.8624877929688
214.0 261.0 245.28610931940366 207.0735716608813 321.0058288574219
230.0 261.0 -57.612397612850835 -112.6885554173087 126.56183624267578
246.0 261.0 -343.97569529990403 -236.91938331951098 417.6722106933594
262.0 261.0 -289.2663738695592 42.44074377583589 292.36322021484375
278.0 261.0 -145.336167626688 97.62477831650324 175.08055114746094
294.0 261.0 50.408079345789055 -36.503791410587525 62.237457275390625
310.0 261.0 198.49133583493494 -100.74770851608582 222.59584045410156
326.0 261.0 108.0353537611647 127.49893146700477 167.11557006835938
342.0 261.0 -219.2196397645872 436.5632099446724 488.5127258300781
358.0 261.0 -303.4559381750468 443.4355512421698 537.3272705078125
374.0 261.0 -296.92233411844126 299.43876186303856 421.6947326660156
390.0 261.0 -185.0475683441762 433.9988323113915 471.802490234375
406.0 261.0 -76.8945653827422 373.68856627490584 381.5179138183594
422.0 261.0 59.48367356569251 160.72998779134306 171.38388061523438
438.0 261.0 32.602112949774224 76.80485227474469 83.43789672851562
454.0 261.0 -243.4652435214348 -14.74750759655614 243.91148376464844
470.0 261.0 -277.7719949509193 -65.33166344084977 285.3515625
486.0 261.0 -381.6001170920456 -44.76976221563174 384.2173767089844
502.0 261.0 -283.0505266965626 -9.19292698171866 283.19976806640625
518.0 261.0 49.854511675207995 -320.9155327066892 324.7649230957031
22.0 277.0 -92.06066191751803 2.6857632036893317 92.0998306274414
38.0 277.0 -79.8708808977294 189.0806195368144 205.2579803466797
54.0 277.0 128.54212646781627 65.34511848789886 144.197998046875
70.0 277.0 101.93397231354213 350.15585151998266 364.6911926269531
86.0 277.0 -45.369372000048884 504.5636527105842 506.59930419921875
102.0 277.0 101.73060215193459 307.48690195699754 323.8785400390625
118.0 277.0 275.9261221638816 235.10387426521828 362.5038757324219
134.0 277.0 257.91326086430774 111.23273618190396 280.87713623046875
150.0 277.0 98.33817794783467 -155.7943943317346 184.2343292236328
166.0 277.0 -12.493767883153227 -158.72231910375774 159.21328735351562
182.0 277.0 87.07969338172518 140.81449621929767 165.56446838378906
198.0 277.0 283.8084265297689 320.6516820834253 428.2110595703125
214.0 277.0 162.91547588951423 282.5790588610764 326.1784362792969
230.0 277.0 -200.17269536823258 77.67877096587239 214.71632385253906
246.0 277.0 -505.71730105260707 -86.6176251383396 513.0814819335938
262.0 277.0 -515.0019440493738 -3.0142998950932003 515.0107421875
278.0 277.0 -231.5755999911054 5.9116192731010555 231.6510467529297
294.0 277.0 92.33328299334626 -243.40663034586768 260.33099365234375
310.0 277.0 506.0029584706226 -310.6162321800074 593.7351684570312
326.0 277.0 286.99332785626973 413.603234384099 503.4211120605469
342.0 277.0 41.53487982451778 416.18367814185 418.2511291503906
358.0 277.0 -43.138979537983694 531.4038351367437 533.1519775390625
374.0 277.0 -161.23284784128742 388.30926164034736 420.4522705078125
390.0 277.0 -152.33018076838758 371.9835121091903 401.9654541015625
406.0 277.0 69.84986343587657 440.98029197021873 446.47802734375
422.0 277.0 167.74581631470215 316.2704761187502 358.0023498535156
438.0 277.0 -21.176389028027643 144.7914910738233 146.3318634033203
454.0 277.0 -244.48361827371338 15.090349873367346 244.94888305664062
470.0 277.0 -347.17302913020984 -75.7800409704178 355.3473205566406
486.0 277.0 -341.65840803218026 -17.424573502280268 342.1024475097656
502.0 277.0 60.8135878315432 -33.864805162972225 69.60688018798828
518.0 277.0 512.4109629579351 -265.9443980868012 577.31396484375
22.0 293.0 -235.20460076916342 342.38543363918455 415.3901672363281
38.0 293.0 116.68155778308717 -117.62026101289139 165.677734375
54.0 293.0 280.5383828790822 -469.59316074222266 547.0096435546875
70.0 293.0 364.2279535159969 -171.5899611334355 402.622802734375
86.0 293.0 223.98701977613788 86.13439212817806 239.97775268554688
102.0 293.0 -5.658995521726781 175.34715727042555 175.43844604492188
118.0 293.0 24.35933708010212 277.8641469806533 278.9298400878906
134.0 293.0 288.15577144870736 461.1201415424316 543.7513427734375
150.0 293.0 -10.507476863582331 125.85403918454212 126.29190826416016
166.0 293.0 -123.41974713673616 25.83165355338116 126.09404754638672
182.0 293.0 -73.67998330033653 270.53831625509525 280.39208984375
198.0 293.0 32.062205458239724 377.9797946607907 379.3371887207031
214.0 293.0 56.566244309697005 425.62818555775874 429.3705749511719
230.0 293.0 -238.31900781507042 251.82286256770297 346.7141418457031
246.0 293.0 -484.1690052555972 -135.27837995249672 502.7124938964844
262.0 293.0 -371.80029327265794 -539.0888521107859 654.8681030273438
278.0 293.0 18.39615295918082 -527.12841328903 527.4493408203125
294.0 293.0 222.67778680517222 -504.21128091652577 551.193603515625
310.0 293.0 279.9141111613138 -324.8771887998933 428.8322448730469
326.0 293.0 180.29736001930718 264.15892240646195 319.8235168457031
342.0 293.0 169.1658199991244 280.1321814105132 327.2477722167969
358.0 293.0 177.26207049139185 579.8732222815343 606.3619384765625
374.0 293.0 26.30203921071365 -26.85937780545208 37.592864990234375
390.0 293.0 -10.455346410558784 -77.43218954606962 78.13487243652344
406.0 293.0 43.2217734062528 335.14436352529907 337.919921875
422.0 293.0 32.964913302973734 386.7072668447849 388.1097717285156
438.0 293.0 -41.332802567434456 129.30416368486493 135.74964904785156
454.0 293.0 -42.338114061258814 96.11535917971445 105.02703857421875
470.0 293.0 -13.602148384968274 130.53371852675753 131.24050903320312
486.0 293.0 20.113772715139667 -42.483263866384895 47.00416564941406
502.0 293.0 183.16568385858957 -126.9529211656765 222.86029052734375
518.0 293.0 256.96929864889046 -39.512425118113704 259.98931884765625
22.0 309.0 -426.5224360893894 177.93427852123423 462.1493225097656
38.0 309.0 259.2362379566746 -422.89572232430913 496.0284423828125
54.0 309.0 517.3778249777697 -846.5387026357724 992.1227416992188
70.0 309.0 553.4627149759033 -722.0130546193013 909.7383422851562
86.0 309.0 238.9120134798864 -274.1686505296142 363.6583557128906
102.0 309.0 -166.77633814592585 56.750583103028546 176.16746520996094
118.0 309.0 -259.9305907801392 297.40944254611003 394.9889831542969
134.0 309.0 -221.9493417742946 447.4229568793402 499.4485168457031
150.0 309.0 -325.7405237680659 293.83850266910406 438.68890380859375
166.0 309.0 -325.69642483627536 63.946898755952134 331.9147033691406
182.0 309.0 -186.6710723966723 324.89113052096866 374.7003173828125
198.0 309.0 -192.88492371163224 349.83370550390913 399.48492431640625
214.0 309.0 -144.0890332522586 370.07679684611753 397.13787841796875
230.0 309.0 -154.8908540594046 275.8380553906855 316.35076904296875
246.0 309.0 -368.7189752602879 -278.79171532447936 462.25372314453125
262.0 309.0 -286.5828960740113 -786.7506189721241 837.3209228515625
278.0 309.0 -46.291654730467904 -697.7655826408356 699.2994384765625
294.0 309.0 -9.66497868284183 -556.8551446034911 556.9390258789062
310.0 309.0 -100.72756257413505 -336.3861328792467 351.14337158203125
326.0 309.0 37.533890129334225 -221.22624749308625 224.38771057128906
342.0 309.0 159.64596435858206 88.98925118108285 182.7728729248047
358.0 309.0 280.95058400762247 222.41957064198408 358.3346252441406
374.0 309.0 212.77283097129995 -412.33949500434295 464.0001525878906
390.0 309.0 95.81960120367717 -462.1618089727026 471.9903869628906
406.0 309.0 -75.4533618701255 286.682421338163 296.4456481933594
422.0 309.0 -240.65570102789894 244.65698144816525 343.1795654296875
438.0 309.0 -216.66024679895736 47.15882928650868 221.73321533203125
454.0 309.0 35.55157109866194 106.33614705357861 112.12176513671875
470.0 309.0 500.3179086192875 239.75644503714005 554.7982788085938
486.0 309.0 610.7590998738488 103.66987587407327 619.4950561523438
502.0 309.0 85.10605937419678 -78.56249537232303 115.82360076904297
518.0 309.0 -769.9689898965817 -83.94461979127995 774.5314331054688
